latitude: 57.01439
longitude: 9.985888
altitude: 8.444845
horizontal accuracy: 65
time stamp: 1527157370.84705