latitude: 57.01436
longitude: 9.985826
altitude: 8.506771
horizontal accuracy: 65
time stamp: 1527111541.99872