0 1 0 0	0 0 -1 0	1 0 0 0	0 0 0 1	
-1.192093E-07 1 0 0	-1 -1.192093E-07 0 0	0 0 -1 0	0 0 0 1	
0.1422116 -0.1326402 -0.980909 0	0.4677994 0.8823336 -0.05148941 0	-0.8723185 0.4515462 -0.1875271 0	0 0 0 1	
0.1497116 -0.1292189 -0.9802494 0	0.463385 0.8849682 -0.04588681 0	-0.873419 0.4473631 -0.1923681 0	0 0 0 1	
0.1601199 -0.1248138 -0.9791747 0	0.456691 0.888787 -0.03861171 0	-0.8750971 0.4409978 -0.1993138 0	0 0 0 1	
0.1671859 -0.1216908 -0.9783865 0	0.451744 0.8915112 -0.03369166 0	-0.8763425 0.4363475 -0.2040212 0	0 0 0 1	
0.1729786 -0.1189985 -0.9777104 0	0.4473859 0.8938497 -0.0296392 0	-0.8774533 0.432287 -0.2078552 0	0 0 0 1	
0.1770548 -0.1170343 -0.9772178 0	0.4439332 0.895658 -0.02683353 0	-0.8783934 0.4290684 -0.2105359 0	0 0 0 1	
0.179494 -0.1157973 -0.9769201 0	0.4411885 0.8970587 -0.02526957 0	-0.8792807 0.4264701 -0.212105 0	0 0 0 1	
0.1790874 -0.1159643 -0.9769751 0	0.4407315 0.8972706 -0.02571386 0	-0.8795929 0.4259786 -0.211799 0	0 0 0 1	
0.1765041 -0.1177307 -0.9772338 0	0.4422725 0.8964399 -0.02811562 0	-0.8793415 0.4272411 -0.2102944 0	0 0 0 1	
0.1699796 -0.1325187 -0.9764968 0	0.4737216 0.8798993 -0.03694844 0	-0.8641152 0.4563071 -0.2123418 0	0 0 0 1	
0.1672377 -0.1378176 -0.9762366 0	0.4753969 0.8787388 -0.04261397 0	-0.8637299 0.4569732 -0.2124763 0	0 0 0 1	
0.1658908 -0.1388926 -0.9763142 0	0.4763966 0.87813 -0.04397748 0	-0.863439 0.4578172 -0.2118416 0	0 0 0 1	
0.1656161 -0.1378081 -0.9765144 0	0.4767859 0.8779653 -0.04303809 0	-0.8632767 0.4584605 -0.2111101 0	0 0 0 1	
0.1664617 -0.1377354 -0.9763807 0	0.476877 0.8779397 -0.04254657 0	-0.8630636 0.4585312 -0.2118262 0	0 0 0 1	
0.1687732 -0.1358542 -0.9762475 0	0.4753998 0.8788549 -0.04011419 0	-0.8634295 0.4573377 -0.2129123 0	0 0 0 1	
0.1708878 -0.1326654 -0.9763182 0	0.4744415 0.8795311 -0.03647082 0	-0.8635407 0.4569735 -0.2132432 0	0 0 0 1	
0.1733759 -0.1309137 -0.9761159 0	0.4724949 0.88067 -0.03418912 0	-0.8641119 0.4552823 -0.214543 0	0 0 0 1	
0.1760845 -0.127105 -0.9761345 0	0.4714809 0.8813754 -0.02971593 0	-0.864118 0.4549963 -0.2151241 0	0 0 0 1	
0.1799616 -0.1236777 -0.9758676 0	0.4692261 0.8827144 -0.02534099 0	-0.8645465 0.4533421 -0.2168875 0	0 0 0 1	
0.1825992 -0.1215241 -0.9756483 0	0.4662823 0.88434 -0.022883 0	-0.8655856 0.4507491 -0.2181443 0	0 0 0 1	
0.185674 -0.1198547 -0.9752743 0	0.4629231 0.8861551 -0.02077071 0	-0.8667337 0.4476204 -0.2200194 0	0 0 0 1	
0.1877244 -0.1198153 -0.9748865 0	0.4609129 0.8872135 -0.0202866 0	-0.8673631 0.4455295 -0.2217761 0	0 0 0 1	
0.189918 -0.1182911 -0.9746478 0	0.4584616 0.8885216 -0.01850307 0	-0.8681844 0.4433246 -0.2229782 0	0 0 0 1	
0.1928053 -0.1173013 -0.9742006 0	0.455962 0.8898387 -0.01690336 0	-0.8688642 0.4409394 -0.2250506 0	0 0 0 1	
0.1947036 -0.1179188 -0.9737483 0	0.4549828 0.8903409 -0.01684327 0	-0.8689542 0.4397592 -0.2270036 0	0 0 0 1	
0.1967742 -0.1182767 -0.9732885 0	0.4540901 0.8908039 -0.01644741 0	-0.8689546 0.4387242 -0.2289956 0	0 0 0 1	
0.2000221 -0.1203297 -0.9723745 0	0.4540826 0.8908007 -0.01682809 0	-0.8682168 0.4381723 -0.2328194 0	0 0 0 1	
0.2026091 -0.1222746 -0.9715958 0	0.4544671 0.8905953 -0.01730962 0	-0.8674152 0.4380512 -0.2360125 0	0 0 0 1	
0.2052303 -0.1238702 -0.9708433 0	0.4553292 0.8901547 -0.0173213 0	-0.8663464 0.4384984 -0.2390884 0	0 0 0 1	
0.2079168 -0.1256431 -0.9700435 0	0.4562596 0.8896758 -0.01743999 0	-0.8652155 0.4389656 -0.2423044 0	0 0 0 1	
0.2115596 -0.1284598 -0.9688863 0	0.4572502 0.889155 -0.0180465 0	-0.8638083 0.4392055 -0.2468475 0	0 0 0 1	
0.2146117 -0.1310972 -0.9678613 0	0.4580488 0.888728 -0.01881169 0	-0.8626316 0.4392905 -0.2507803 0	0 0 0 1	
0.2193529 -0.1348822 -0.9662769 0	0.4586089 0.8884153 -0.01990545 0	-0.8611401 0.4387769 -0.2567346 0	0 0 0 1	
0.2231768 -0.137593 -0.9650184 0	0.458483 0.8884633 -0.02064575 0	-0.8602241 0.4378369 -0.2613685 0	0 0 0 1	
0.2287077 -0.1416036 -0.9631413 0	0.4587815 0.8882852 -0.02165569 0	-0.8586107 0.4369186 -0.2681228 0	0 0 0 1	
0.2319699 -0.1436712 -0.9620544 0	0.4589387 0.888196 -0.02198234 0	-0.8576511 0.4364247 -0.271971 0	0 0 0 1	
0.239422 -0.1475959 -0.9596314 0	0.4589189 0.888203 -0.02211252 0	-0.8556112 0.4350988 -0.2803898 0	0 0 0 1	
0.245225 -0.1503043 -0.9577441 0	0.4585785 0.8883815 -0.02200235 0	-0.8541492 0.4338052 -0.2867796 0	0 0 0 1	
0.2538809 -0.1542555 -0.9548559 0	0.4576453 0.8888648 -0.02191421 0	-0.8521181 0.4314217 -0.29626 0	0 0 0 1	
0.2617679 -0.1575575 -0.9521835 0	0.4566949 0.8893609 -0.02161066 0	-0.8502398 0.4292003 -0.3047618 0	0 0 0 1	
0.2708459 -0.1611495 -0.9490382 0	0.4557801 0.8898441 -0.02102305 0	-0.8478839 0.4268587 -0.3144593 0	0 0 0 1	
0.2808656 -0.1655326 -0.9453644 0	0.4549531 0.8902743 -0.02072082 0	-0.8450636 0.4242766 -0.3253569 0	0 0 0 1	
0.2948987 -0.1717095 -0.9399738 0	0.4545339 0.8905033 -0.02007121 0	-0.8404962 0.421331 -0.340656 0	0 0 0 1	
0.3055035 -0.1758475 -0.9358126 0	0.4544278 0.890581 -0.01899652 0	-0.8367574 0.4194557 -0.3519856 0	0 0 0 1	
0.3191156 -0.180335 -0.9304002 0	0.4543979 0.8906409 -0.01677585 0	-0.8316777 0.4174185 -0.3661612 0	0 0 0 1	
0.328961 -0.183534 -0.9263368 0	0.454351 0.8906944 -0.01512299 0	-0.8278586 0.4159072 -0.3763926 0	0 0 0 1	
0.3386762 -0.1865876 -0.9222167 5.692272E-10	0.4540696 0.8908641 -0.01349099 -1.61741E-09	-0.8240869 0.4141815 -0.3864381 -1.264079E-09	0 0 0 1	
0.3497416 -0.1897353 -0.9174319 0.001083073	0.4537053 0.8910798 -0.01132475 -0.0005474421	-0.8196538 0.4122829 -0.3977317 0.0003557335	0 0 0 1	
0.3605165 -0.1927859 -0.9126124 0.002238404	0.4532866 0.8913171 -0.009221941 -0.001177883	-0.8152049 0.4103503 -0.4087218 0.0007742794	0 0 0 1	
0.3712057 -0.1958514 -0.9076611 0.003443378	0.4524581 0.8917552 -0.007377684 -0.001876916	-0.8108563 0.4079399 -0.4196392 0.001233909	0 0 0 1	
0.3818099 -0.1989953 -0.9025642 0.004707995	0.4511982 0.8924044 -0.005885854 -0.002649836	-0.8066235 0.404988 -0.4305152 0.001731546	0 0 0 1	
0.3921885 -0.2022464 -0.8973765 0.006029837	0.4498141 0.8931099 -0.004698455 -0.003519778	-0.802406 0.4018099 -0.4412407 0.002280571	0 0 0 1	
0.4085795 -0.2047549 -0.8894595 0.008219161	0.4486699 0.8936975 0.0003691465 -0.005376526	-0.7948321 0.3992245 -0.4570139 0.002999323	0 0 0 1	
0.4181108 -0.2080248 -0.8842562 0.009706253	0.4471703 0.8944483 0.001017049 -0.00644944	-0.7907099 0.3958383 -0.467001 0.003658091	0 0 0 1	
0.4273642 -0.2111439 -0.879078 0.01128008	0.4453789 0.895341 0.001471102 -0.007614929	-0.786764 0.3921515 -0.4766757 0.004380527	0 0 0 1	
0.4364991 -0.2144551 -0.873772 0.01292158	0.4435866 0.89623 0.00162974 -0.008875849	-0.7827512 0.3883049 -0.4863331 0.005182603	0 0 0 1	
0.4455356 -0.2181186 -0.868287 0.01461655	0.4417528 0.8971359 0.001306713 -0.01023119	-0.7786864 0.3841504 -0.4960605 0.006062102	0 0 0 1	
0.4618592 -0.2213924 -0.8588781 0.0185983	0.4397278 0.8981174 0.004955322 -0.01310958	-0.7702762 0.3799612 -0.5121562 0.003925609	0 0 0 1	
0.4711633 -0.2253861 -0.8527639 0.0205204	0.4376995 0.8991115 0.004199013 -0.01462775	-0.7657834 0.3752328 -0.5222797 0.004927437	0 0 0 1	
0.4799191 -0.2287499 -0.846966 0.02253427	0.4353364 0.9002609 0.003532216 -0.01620369	-0.7616825 0.3704102 -0.5316356 0.005957863	0 0 0 1	
0.487952 -0.2309043 -0.8417756 0.02466385	0.4320737 0.9018331 0.003081709 -0.01789634	-0.7584295 0.3652128 -0.5398189 0.00697535	0 0 0 1	
0.4956037 -0.2318129 -0.8370423 0.02692778	0.4277047 0.9039139 0.002906919 -0.01973635	-0.7559403 0.3594476 -0.5471305 0.007989828	0 0 0 1	
0.5030013 -0.2320156 -0.8325614 0.02929209	0.4227088 0.9062611 0.002830327 -0.0216842	-0.7538613 0.3533547 -0.5539256 0.009019232	0 0 0 1	
0.5166318 -0.2323711 -0.8240724 0.03222884	0.4172918 0.9087567 0.005360499 -0.02500634	-0.7476358 0.346648 -0.5664592 0.007816003	0 0 0 1	
0.5240517 -0.2322224 -0.819416 0.03466355	0.4119344 0.9111986 0.005216122 -0.02714573	-0.7454394 0.3402792 -0.5731755 0.008862479	0 0 0 1	
0.5307612 -0.2324739 -0.8150144 0.03705981	0.4067132 0.9135458 0.004284635 -0.02930216	-0.7435569 0.3337513 -0.5794249 0.009947327	0 0 0 1	
0.536515 -0.2332245 -0.8110228 0.03940592	0.4018794 0.9156891 0.002531588 -0.03148805	-0.7420542 0.3272916 -0.5850091 0.01106948	0 0 0 1	
0.5417903 -0.2345811 -0.8071153 0.0417091	0.3978089 0.9174682 0.0003820658 -0.03370715	-0.740413 0.3212847 -0.5903938 0.01225364	0 0 0 1	
0.5473472 -0.2366642 -0.802746 0.04397721	0.3945328 0.9188799 -0.001892984 -0.03594631	-0.7380752 0.3156735 -0.5963181 0.01352811	0 0 0 1	
0.5585663 -0.2421826 -0.7933166 0.04367355	0.3919327 0.9199809 -0.004894614 -0.03935058	-0.7310215 0.3081927 -0.6087896 0.01000689	0 0 0 1	
0.5636191 -0.2450832 -0.7888394 0.04577126	0.3893684 0.9210477 -0.007958412 -0.04167182	-0.7285092 0.3026636 -0.6145478 0.01099843	0 0 0 1	
0.5671715 -0.2479759 -0.7853819 0.04778752	0.3865364 0.9221957 -0.01203217 -0.04398525	-0.7272595 0.2967543 -0.6188948 0.01188083	0 0 0 1	
0.5688307 -0.2504427 -0.7833966 0.04969581	0.3833379 0.923454 -0.01687254 -0.04630458	-0.7276564 0.290708 -0.6212931 0.01262581	0 0 0 1	
0.5680343 -0.2524882 -0.7833178 0.05148007	0.3799192 0.9247442 -0.02257048 -0.04860946	-0.7300675 0.2847767 -0.6212115 0.0131976	0 0 0 1	
0.5649935 -0.2542482 -0.784946 0.05312916	0.3766495 0.9259081 -0.02879931 -0.05089325	-0.7341101 0.2793781 -0.6188945 0.01361582	0 0 0 1	
0.5602413 -0.2560192 -0.7877714 0.05117753	0.3718822 0.9275434 -0.0369716 -0.0507188	-0.7401577 0.2722451 -0.6148572 0.01186597	0 0 0 1	
0.5526968 -0.2554555 -0.7932647 0.05252485	0.3685526 0.9286455 -0.04226806 -0.05302265	-0.7474592 0.2689983 -0.6074082 0.01164101	0 0 0 1	
0.5427129 -0.2533766 -0.800789 0.05375706	0.3646136 0.9299648 -0.04714204 -0.05537901	-0.7566503 0.266394 -0.5970885 0.01115317	0 0 0 1	
0.5309812 -0.2500578 -0.8096481 0.05486599	0.3598982 0.931559 -0.05168224 -0.0577742	-0.7671586 0.2639486 -0.5846357 0.01041496	0 0 0 1	
0.5185529 -0.2456017 -0.8190133 0.0558645	0.353985 0.933583 -0.05583501 -0.06019099	-0.77833 0.260965 -0.5710514 0.009470917	0 0 0 1	
0.5057478 -0.2400712 -0.8286042 0.05674328	0.3464485 0.9361626 -0.05977532 -0.06260469	-0.7900586 0.2568375 -0.5566345 0.008337296	0 0 0 1	
0.4908243 -0.2352646 -0.8388934 0.05178109	0.336978 0.9391803 -0.06622876 -0.06125801	-0.8034534 0.2501819 -0.5402515 0.004986168	0 0 0 1	
0.4766127 -0.2279663 -0.8490417 0.05208376	0.325385 0.942948 -0.07052386 -0.06354115	-0.8166792 0.2426529 -0.5235978 0.003469646	0 0 0 1	
0.4623325 -0.2201722 -0.8589371 0.0522435	0.3127225 0.9469262 -0.07440011 -0.06581125	-0.8297309 0.2342113 -0.5066475 0.001882748	0 0 0 1	
0.4473932 -0.2126354 -0.8686919 0.05224878	0.2997629 0.9507912 -0.07834768 -0.06803869	-0.8426041 0.2253493 -0.4891177 0.0002120426	0 0 0 1	
0.4314626 -0.2055983 -0.8783902 0.05206522	0.286697 0.9544557 -0.08257766 -0.07022092	-0.8553624 0.2162027 -0.4707564 -0.001539858	0 0 0 1	
0.4153959 -0.1991566 -0.8875715 0.05167503	0.273925 0.9578332 -0.08672146 -0.07234541	-0.8674166 0.2071043 -0.4524339 -0.003308326	0 0 0 1	
0.3980813 -0.195979 -0.8961716 0.0450786	0.2629615 0.9602948 -0.09319375 -0.06996802	-0.878853 0.1985599 -0.4338104 -0.005183727	0 0 0 1	
0.3820395 -0.190362 -0.9043275 0.04402837	0.2516411 0.963007 -0.09640651 -0.0717831	-0.8892258 0.1907348 -0.4158097 -0.00691311	0 0 0 1	
0.3661233 -0.1846039 -0.9120719 0.04275726	0.2412055 0.9654539 -0.09858388 -0.0735408	-0.8987623 0.1839029 -0.3980026 -0.008617867	0 0 0 1	
0.3504342 -0.1790391 -0.9193155 0.04126306	0.2320522 0.9675517 -0.09997714 -0.075215	-0.9073852 0.1782937 -0.3806096 -0.0102994	0 0 0 1	
0.3354542 -0.1742216 -0.9258063 0.03957602	0.2243804 0.9692437 -0.1010945 -0.07676241	-0.9149448 0.1738202 -0.3642288 -0.01193814	0 0 0 1	
0.3198473 -0.1723266 -0.931666 0.03472703	0.219443 0.9700566 -0.1040913 -0.0772062	-0.9217064 0.1711542 -0.3480858 -0.01271454	0 0 0 1	
0.3061474 -0.1693359 -0.9368027 0.03259154	0.2145753 0.9710043 -0.1053949 -0.07842596	-0.9274866 0.1687483 -0.3336058 -0.01422313	0 0 0 1	
0.2924981 -0.1665517 -0.9416503 0.03028057	0.2103693 0.9717995 -0.1065387 -0.07955314	-0.9328395 0.166932 -0.3192869 -0.01575295	0 0 0 1	
0.2793634 -0.1633088 -0.9461957 0.02778378	0.2062279 0.9726379 -0.106984 -0.08062214	-0.9377773 0.1652446 -0.3053982 -0.0172752	0 0 0 1	
0.2669792 -0.1594896 -0.9504132 0.02509638	0.202002 0.9735631 -0.1066303 -0.08163071	-0.9422937 0.1635173 -0.2921383 -0.01878659	0 0 0 1	
0.2551232 -0.1551268 -0.9543834 0.02220308	0.1973659 0.9746196 -0.1056566 -0.08256557	-0.946551 0.1614073 -0.2792648 -0.02029934	0 0 0 1	
0.2432152 -0.1506125 -0.9582078 0.01864525	0.1925189 0.9757134 -0.1044983 -0.08541539	-0.950675 0.1590575 -0.266304 -0.02164365	0 0 0 1	
0.2327647 -0.1447071 -0.9617071 0.015306	0.1862957 0.9771902 -0.1019472 -0.08625159	-0.9545231 0.1554322 -0.2544136 -0.02310861	0 0 0 1	
0.222396 -0.1382828 -0.9651 0.01176681	0.1795721 0.9787648 -0.09886049 -0.08700836	-0.9582766 0.1513188 -0.242505 -0.02460605	0 0 0 1	
0.2117009 -0.1315546 -0.9684401 0.008023733	0.1721389 0.9804273 -0.09555347 -0.08769761	-0.9620556 0.1464774 -0.230203 -0.0261303	0 0 0 1	
0.2017886 -0.1243021 -0.9715093 0.004090546	0.1640092 0.9821964 -0.09160373 -0.08829957	-0.9655995 0.1408519 -0.2185827 -0.02766085	0 0 0 1	
0.1924854 -0.1170357 -0.9742957 -2.621603E-05	0.1553622 0.9839743 -0.08750444 -0.08876941	-0.9689232 0.1345254 -0.2075836 -0.02921658	0 0 0 1	
0.182106 -0.1100803 -0.9770976 -0.004236874	0.1469615 0.9855989 -0.0836482 -0.09073543	-0.9722344 0.1283629 -0.1956611 -0.03085633	0 0 0 1	
0.1721296 -0.1028809 -0.9796873 -0.008776294	0.1381158 0.9872278 -0.07940596 -0.09097216	-0.9753439 0.1216422 -0.1841406 -0.03247118	0 0 0 1	
0.1618498 -0.09590407 -0.9821442 -0.01351964	0.1297699 0.9886916 -0.07515833 -0.09109218	-0.9782457 0.1152883 -0.172465 -0.03414073	0 0 0 1	
0.1514528 -0.08941197 -0.9844124 -0.01846478	0.1222915 0.9899442 -0.07109974 -0.09104846	-0.9808706 0.109617 -0.1608641 -0.03586959	0 0 0 1	
0.1406881 -0.0838744 -0.9864949 -0.02360552	0.115924 0.9909468 -0.0677205 -0.09079969	-0.9832439 0.104831 -0.1491375 -0.03765326	0 0 0 1	
0.1292353 -0.07978153 -0.9883993 -0.02895722	0.1106742 0.991691 -0.06557634 -0.09036376	-0.9854185 0.1009155 -0.1369913 -0.03945591	0 0 0 1	
0.1167203 -0.0766311 -0.990204 -0.0331674	0.1068463 0.9922013 -0.06419115 -0.09011269	-0.9874007 0.09830727 -0.1239977 -0.04144118	0 0 0 1	
0.1048377 -0.07478386 -0.9916735 -0.03889322	0.1037862 0.9925463 -0.06387761 -0.08928914	-0.9890589 0.09622523 -0.1118178 -0.04320465	0 0 0 1	
0.09297246 -0.07380956 -0.9929293 -0.04484191	0.1020092 0.992707 -0.06424145 -0.08827332	-0.9904295 0.09531526 -0.09982365 -0.04493034	0 0 0 1	
0.08089036 -0.07360639 -0.9940014 -0.05103161	0.1012871 0.9927139 -0.06526845 -0.08709683	-0.9915633 0.09539998 -0.08775634 -0.04659566	0 0 0 1	
0.06881213 -0.07396285 -0.9948841 -0.0574617	0.101542 0.9925881 -0.06676891 -0.08575373	-0.9924486 0.09642798 -0.0758124 -0.04819356	0 0 0 1	
0.05671936 -0.07482426 -0.9955824 -0.06414011	0.1026276 0.9923423 -0.06873395 -0.08425444	-0.9931015 0.09827565 -0.06396401 -0.04970279	0 0 0 1	
0.04461962 -0.07539847 -0.9961547 -0.06968022	0.1046217 0.9920173 -0.07039911 -0.08245032	-0.9935107 0.1010782 -0.05215174 -0.05193547	0 0 0 1	
0.03384364 -0.07744355 -0.9964221 -0.07675508	0.1072918 0.9915131 -0.07341784 -0.08067847	-0.9936513 0.1044232 -0.04186547 -0.05338263	0 0 0 1	
0.02350032 -0.08000114 -0.9965177 -0.08408076	0.1104893 0.9908944 -0.07694408 -0.07883537	-0.9935995 0.1082963 -0.03212559 -0.05475837	0 0 0 1	
0.01320052 -0.08238884 -0.9965128 -0.09167924	0.1138343 0.9902442 -0.08036264 -0.07690072	-0.993412 0.1123765 -0.02245039 -0.05601179	0 0 0 1	
0.003354609 -0.08412933 -0.9964492 -0.09953397	0.1173138 0.9896072 -0.08315672 -0.07482675	-0.9930893 0.1166182 -0.01318926 -0.05717162	0 0 0 1	
-0.005777121 -0.08551282 -0.9963204 -0.1076369	0.1207707 0.9889843 -0.08558344 -0.07265588	-0.9926637 0.1208207 -0.004613996 -0.05826483	0 0 0 1	
-0.0143609 -0.08720043 -0.9960873 -0.1159895	0.1238171 0.9883677 -0.08830972 -0.07050875	-0.9922012 0.1246008 0.003396869 -0.05928125	0 0 0 1	
-0.02277553 -0.08810282 -0.995851 -0.1224823	0.1261491 0.9878943 -0.09028398 -0.06769735	-0.9917498 0.127682 0.0113858 -0.06277844	0 0 0 1	
-0.0295223 -0.09013996 -0.9954915 -0.1312128	0.1280582 0.9873775 -0.09320295 -0.06562102	-0.9913272 0.1302324 0.0176065 -0.06385691	0 0 0 1	
-0.03566062 -0.0923022 -0.9950923 -0.1401948	0.1298155 0.9868613 -0.09619085 -0.06362005	-0.9908967 0.1326086 0.02320981 -0.06492885	0 0 0 1	
-0.04186881 -0.09457393 -0.994637 -0.1494579	0.1315514 0.9863212 -0.09932083 -0.06174296	-0.9904248 0.1350044 0.02885473 -0.06592044	0 0 0 1	
-0.04837501 -0.09659167 -0.9941478 -0.158991	0.1334901 0.985759 -0.1022722 -0.05995134	-0.9898688 0.1376563 0.03479207 -0.06679732	0 0 0 1	
-0.05504668 -0.09812697 -0.9936503 -0.1687684	0.1358205 0.9851735 -0.1048141 -0.05819929	-0.9892031 0.1407277 0.04090285 -0.06757699	0 0 0 1	
-0.06212926 -0.09761999 -0.9932826 -0.176617	0.1386858 0.9847062 -0.1054518 -0.05589724	-0.9883857 0.1443058 0.04764056 -0.07045913	0 0 0 1	
-0.06832492 -0.09799673 -0.9928386 -0.1867038	0.1405913 0.9842875 -0.1068279 -0.05420383	-0.9877073 0.1468835 0.05347383 -0.07118819	0 0 0 1	
-0.07389486 -0.09752707 -0.9924858 -0.1970234	0.1403185 0.9842893 -0.107169 -0.05265439	-0.987345 0.1471834 0.05904901 -0.07181044	0 0 0 1	
-0.07978714 -0.09589623 -0.9921886 -0.2076516	0.1396468 0.9844705 -0.10638 -0.05101959	-0.9869817 0.1470436 0.06515646 -0.07213929	0 0 0 1	
-0.08736241 -0.0925619 -0.9918669 -0.2186135	0.1412453 0.9844637 -0.1043117 -0.04900665	-0.9861123 0.1492095 0.07293117 -0.0719327	0 0 0 1	
-0.09508038 -0.08780383 -0.9915898 -0.2297244	0.1454096 0.9841933 -0.1010917 -0.04666702	-0.9847923 0.1537985 0.08080983 -0.07152741	0 0 0 1	
-0.1022804 -0.08120702 -0.9914354 -0.2393547	0.1511398 0.9838226 -0.09617566 -0.04396943	-0.9832067 0.1596823 0.08835208 -0.07446456	0 0 0 1	
-0.1073314 -0.07719468 -0.9912221 -0.2504587	0.15707 0.9831445 -0.09357343 -0.04168018	-0.9817379 0.1657346 0.09339726 -0.07463068	0 0 0 1	
-0.111644 -0.07373382 -0.9910091 -0.2616401	0.1624243 0.9824789 -0.09139736 -0.0394737	-0.9803847 0.1711679 0.09771168 -0.07490645	0 0 0 1	
-0.1155264 -0.06993186 -0.9908397 -0.2728561	0.1667731 0.9819927 -0.08875226 -0.03720898	-0.9792041 0.1754986 0.1017834 -0.07519838	0 0 0 1	
-0.1185999 -0.06562478 -0.9907712 -0.2840115	0.1701524 0.9817109 -0.08539271 -0.03486696	-0.9782547 0.1787096 0.1052647 -0.07564003	0 0 0 1	
-0.1210346 -0.06195733 -0.990713 -0.2951225	0.1723834 0.9815736 -0.0824457 -0.032779	-0.9775658 0.1807612 0.108124 -0.07628196	0 0 0 1	
-0.1237732 -0.05778009 -0.9906269 -0.3028326	0.1726102 0.9818304 -0.0788337 -0.02837119	-0.9771826 0.1807498 0.1115509 -0.08334947	0 0 0 1	
-0.1250211 -0.05634391 -0.9905531 -0.3137317	0.1704595 0.9823209 -0.0773899 -0.02705001	-0.9774014 0.1785246 0.1132064 -0.08459802	0 0 0 1	
-0.1266959 -0.05522448 -0.9904032 -0.3246335	0.1654538 0.9832854 -0.07599302 -0.02608601	-0.9780456 0.1734939 0.1154411 -0.08561081	0 0 0 1	
-0.1308864 -0.05416216 -0.9899167 -0.335711	0.1577658 0.9846445 -0.07473344 -0.02554773	-0.9787639 0.1659566 0.1203318 -0.08561932	0 0 0 1	
-0.1384456 -0.05321789 -0.9889392 -0.3470145	0.149029 0.9860655 -0.07392642 -0.02539441	-0.9790931 0.1576154 0.1285855 -0.08418681	0 0 0 1	
-0.1489806 -0.05263168 -0.9874384 -0.3584383	0.1419574 0.9871005 -0.07403162 -0.02548113	-0.9785974 0.1512035 0.1395874 -0.08130402	0 0 0 1	
-0.1610008 -0.0528998 -0.9855357 -0.3697817	0.138779 0.9874279 -0.07567281 -0.02580071	-0.9771487 0.148955 0.1516353 -0.07742463	0 0 0 1	
-0.1749547 -0.05251903 -0.9831747 -0.3763866	0.1406913 0.9869952 -0.07775894 -0.0260521	-0.9744726 0.1519284 0.1652904 -0.07700747	0 0 0 1	
-0.189793 -0.05433267 -0.9803196 -0.3872941	0.1446272 0.9860284 -0.08264935 -0.02697724	-0.9711136 0.1574671 0.1792833 -0.07131676	0 0 0 1	
-0.2055649 -0.05588793 -0.9770464 -0.3979794	0.1497906 0.9848074 -0.08784696 -0.02791253	-0.9671121 0.1644107 0.1940703 -0.06477696	0 0 0 1	
-0.2212278 -0.05697196 -0.9735566 -0.4083818	0.1546082 0.9836179 -0.09269339 -0.02870231	-0.9628887 0.1710262 0.2087953 -0.0577804	0 0 0 1	
-0.235966 -0.05809716 -0.970023 -0.4185078	0.1576798 0.9826936 -0.09721291 -0.02950366	-0.9588833 0.175892 0.2227215 -0.05071858	0 0 0 1	
-0.2500777 -0.05835283 -0.9664658 -0.4222893	0.1595864 0.982046 -0.1005873 -0.03159695	-0.9549834 0.1793895 0.2362756 -0.04645211	0 0 0 1	
-0.2633411 -0.06048716 -0.9628046 -0.43182	0.1580838 0.9818355 -0.104921 -0.0327971	-0.9516622 0.1798338 0.2489957 -0.03936002	0 0 0 1	
-0.276719 -0.0628624 -0.9588927 -0.4411714	0.1551693 0.98184 -0.1091458 -0.03408706	-0.9483403 0.1789934 0.2619394 -0.03184503	0 0 0 1	
-0.2901495 -0.06555712 -0.9547333 -0.4503195	0.1515972 0.981905 -0.1134942 -0.03543896	-0.9448977 0.1776652 0.274961 -0.02391611	0 0 0 1	
-0.303774 -0.06891624 -0.9502485 -0.459261	0.1479013 0.9818783 -0.118491 -0.03699494	-0.9411944 0.1765375 0.2880763 -0.01552355	0 0 0 1	
-0.3174354 -0.07319525 -0.9454508 -0.4679613	0.1438195 0.9817672 -0.1242942 -0.03887022	-0.9373103 0.1754296 0.3011208 -0.006748229	0 0 0 1	
-0.3326199 -0.0779067 -0.9398375 -0.4702414	0.140191 0.9814243 -0.1309693 -0.0430782	-0.9325826 0.1753197 0.3155195 0.00145933	0 0 0 1	
-0.3486302 -0.08431042 -0.9334606 -0.4781152	0.1341825 0.9811968 -0.1387366 -0.04589736	-0.9276055 0.1736219 0.3307619 0.01204029	0 0 0 1	
-0.364169 -0.08998249 -0.926976 -0.4855739	0.1275817 0.9811185 -0.1453595 -0.04827684	-0.9225531 0.1712006 0.3458128 0.02289224	0 0 0 1	
-0.3786894 -0.09437117 -0.9207001 -0.4926273	0.1210541 0.9811918 -0.1503618 -0.04984138	-0.9175732 0.1683949 0.3601429 0.03374186	0 0 0 1	
-0.3923005 -0.09829663 -0.91457 -0.4993404	0.1144098 0.9813384 -0.1545484 -0.05092646	-0.9126943 0.1652652 0.3737334 0.04453665	0 0 0 1	
-0.4050138 -0.1012762 -0.9086842 -0.5001232	0.1082057 0.9815525 -0.1576266 -0.05237534	-0.9078851 0.1621657 0.3865837 0.05543242	0 0 0 1	
-0.4175531 -0.1049533 -0.9025708 -0.5060661	0.09949604 0.9820532 -0.1602252 -0.05265466	-0.9031887 0.1567048 0.399617 0.0664282	0 0 0 1	
-0.4315491 -0.1084725 -0.8955441 -0.5115083	0.08916046 0.9827543 -0.1620009 -0.05258247	-0.8976724 0.1497585 0.4144353 0.07859874	0 0 0 1	
-0.4485903 -0.1107701 -0.8868467 -0.51619	0.07814881 0.9836274 -0.1623881 -0.05177265	-0.8903145 0.1421517 0.4325892 0.0928978	0 0 0 1	
-0.4674003 -0.1113894 -0.8770002 -0.5201265	0.06826962 0.98452 -0.1614302 -0.05002708	-0.8814058 0.135325 0.4525604 0.1086617	0 0 0 1	
-0.4847895 -0.1120309 -0.8674262 -0.5237604	0.05851892 0.9853857 -0.1599709 -0.04790982	-0.8726711 0.1283131 0.4711486 0.1240538	0 0 0 1	
-0.4996843 -0.1132893 -0.8587672 -0.5223249	0.04833589 0.9862189 -0.1582276 -0.04579515	-0.864858 0.1205731 0.4873222 0.1382454	0 0 0 1	
-0.5127451 -0.1150404 -0.8507987 -0.5257362	0.03653627 0.9871604 -0.1554975 -0.04290468	-0.8577633 0.1108156 0.5019585 0.151929	0 0 0 1	
-0.524276 -0.1147988 -0.843775 -0.5290454	0.02565422 0.9882922 -0.1504011 -0.03843249	-0.851162 0.100498 0.5151929 0.165105	0 0 0 1	
-0.5345422 -0.1117631 -0.8377196 -0.532214	0.01658747 0.9896392 -0.1426155 -0.03210492	-0.8449793 0.09012963 0.52715 0.1778347	0 0 0 1	
-0.5449153 -0.1062963 -0.8317263 -0.534965	0.01035291 0.9910035 -0.1334351 -0.02454653	-0.8384272 0.08132157 0.5389124 0.190839	0 0 0 1	
-0.5559697 -0.09879923 -0.8253099 -0.5371256	0.007501028 0.9922739 -0.1238398 -0.01630623	-0.8311687 0.07504188 0.5509331 0.2044585	0 0 0 1	
-0.5680995 -0.08943531 -0.8180858 -0.5385063	0.007227812 0.9934968 -0.1136309 -0.007413861	-0.8229282 0.07046661 0.5637586 0.2189982	0 0 0 1	
-0.5812294 -0.07788473 -0.8100039 -0.5313542	0.00961316 0.9946824 -0.1025403 0.002073486	-0.813683 0.06738612 0.57739 0.2332704	0 0 0 1	
-0.5955207 -0.06632871 -0.800597 -0.5307258	0.0129518 0.9956633 -0.09212391 0.01149291	-0.8032356 0.06523086 0.592079 0.2497631	0 0 0 1	
-0.6108967 -0.05459074 -0.789826 -0.5291068	0.01768888 0.9964297 -0.08255225 0.02046239	-0.7915127 0.06440203 0.6077501 0.2673756	0 0 0 1	
-0.6268071 -0.0434011 -0.777965 -0.5266914	0.02233697 0.9970362 -0.07361957 0.02887548	-0.7788544 0.06352263 0.6239799 0.2857268	0 0 0 1	
-0.6428965 -0.03300439 -0.7652417 -0.5236557	0.02668834 0.9974993 -0.06544299 0.03670866	-0.765488 0.06249611 0.640408 0.3046224	0 0 0 1	
-0.6578217 -0.02252413 -0.752837 -0.5204633	0.0322675 0.9977922 -0.05804797 0.04411232	-0.7524824 0.06247737 0.6556425 0.3233339	0 0 0 1	
-0.6704026 -0.01129232 -0.7419121 -0.5176038	0.04071911 0.9978175 -0.05198173 0.05079753	-0.7408798 0.06505866 0.6684798 0.3412159	0 0 0 1	
-0.6804765 8.086115E-05 -0.73277 -0.5080963	0.05235393 0.9974498 -0.04850767 0.05459329	-0.7308973 0.0713717 0.6787455 0.3561484	0 0 0 1	
-0.6884506 0.008741399 -0.7252306 -0.5066785	0.06410369 0.9967474 -0.04883861 0.05667571	-0.7224448 0.08011293 0.6867716 0.3718893	0 0 0 1	
-0.694818 0.01418595 -0.7190457 -0.5062405	0.07487671 0.9957988 -0.05270784 0.05587959	-0.7152771 0.09046213 0.6929612 0.3865791	0 0 0 1	
-0.7003891 0.0170991 -0.7135563 -0.5063431	0.08399758 0.9947408 -0.05861039 0.0531337	-0.7088014 0.1009871 0.6981419 0.4004917	0 0 0 1	
-0.7062093 0.01981101 -0.7077261 -0.5060506	0.09201445 0.9936987 -0.06400114 0.05025541	-0.7019986 0.1103192 0.7035823 0.4142997	0 0 0 1	
-0.7126567 0.02262562 -0.7011483 -0.505087	0.0980441 0.9928825 -0.06761363 0.04824893	-0.6946282 0.1169287 0.7098027 0.4281992	0 0 0 1	
-0.7194976 0.02509584 -0.6940415 -0.499555	0.1014799 0.9924197 -0.06931712 0.04789891	-0.6870409 0.1203048 0.7165903 0.442231	0 0 0 1	
-0.7263223 0.02491428 -0.6869026 -0.4982615	0.1008321 0.9923936 -0.07062399 0.04708706	-0.6799183 0.1205576 0.7233098 0.4554501	0 0 0 1	
-0.7330898 0.02197493 -0.6797766 -0.4972289	0.09641388 0.9927422 -0.07188331 0.04606374	-0.6732634 0.1182368 0.729888 0.4681442	0 0 0 1	
-0.7402037 0.0172365 -0.6721616 -0.4959325	0.08951236 0.9932994 -0.07310204 0.0449053	-0.6663978 0.1142772 0.7367868 0.4807948	0 0 0 1	
-0.7482691 0.01227268 -0.6632821 -0.4905708	0.08198106 0.9938757 -0.07409573 0.04359939	-0.6583106 0.1098201 0.7446926 0.4893235	0 0 0 1	
-0.7570856 0.006654061 -0.6532817 -0.4871588	0.07364379 0.9944441 -0.07521649 0.0426227	-0.6491517 0.1050555 0.7533693 0.5031716	0 0 0 1	
-0.7664084 0.0008096844 -0.6423531 -0.482839	0.06505097 0.9949561 -0.07635991 0.04182727	-0.6390512 0.1003086 0.7625954 0.517601	0 0 0 1	
-0.7755231 -0.005151823 -0.6312982 -0.478162	0.05675621 0.9953486 -0.07784531 0.0410557	-0.6287629 0.09620093 0.7716234 0.5321842	0 0 0 1	
-0.7839427 -0.01053372 -0.6207438 -0.4734497	0.04932138 0.9956391 -0.07918392 0.04066422	-0.6188709 0.0926916 0.7800045 0.5466086	0 0 0 1	
-0.7921789 -0.01544872 -0.6100936 -0.4682943	0.0425514 0.9958485 -0.08046783 0.04058386	-0.608804 0.08970524 0.7882328 0.5612385	0 0 0 1	
-0.7998707 -0.02039383 -0.5998257 -0.4631422	0.03649507 0.9959204 -0.08252725 0.04020065	-0.5990617 0.08790182 0.7958633 0.5758757	0 0 0 1	
-0.8064104 -0.02491607 -0.5908312 -0.4546271	0.03199126 0.9958108 -0.08565861 0.03805834	-0.5904903 0.08797742 0.8022351 0.5910868	0 0 0 1	
-0.8117381 -0.03017375 -0.5832416 -0.4509193	0.02727501 0.9956161 -0.08946832 0.03679713	-0.5833843 0.08853276 0.8073566 0.6048313	0 0 0 1	
-0.8160945 -0.03407922 -0.5769129 -0.4477678	0.02411251 0.9953827 -0.09290821 0.03594685	-0.5774154 0.08973268 0.8115046 0.6182539	0 0 0 1	
-0.8199508 -0.0363306 -0.5712802 -0.4446999	0.02252363 0.9951635 -0.09561536 0.03576422	-0.571991 0.09126718 0.8151668 0.6316417	0 0 0 1	
-0.8233021 -0.03724603 -0.5663804 -0.4418184	0.02181848 0.9950305 -0.09715048 0.03657434	-0.5671843 0.09234173 0.8183981 0.6449007	0 0 0 1	
-0.8260057 -0.0378752 -0.5623879 -0.4394731	0.02096665 0.9949848 -0.09780407 0.03817878	-0.5632717 0.0925781 0.821069 0.6578411	0 0 0 1	
-0.8283828 -0.03818562 -0.5588593 -0.4361776	0.01974713 0.9950629 -0.09726111 0.04098589	-0.5598142 0.0916053 0.823539 0.6716217	0 0 0 1	
-0.8302776 -0.03976957 -0.5559296 -0.4346584	0.0165377 0.9952539 -0.0958965 0.04451403	-0.5571049 0.0888145 0.8256793 0.6840018	0 0 0 1	
-0.8317535 -0.04159213 -0.5535853 -0.4336941	0.01262827 0.9955139 -0.09376903 0.04889682	-0.5550019 0.08498351 0.8274969 0.6961086	0 0 0 1	
-0.8331311 -0.04385433 -0.5513341 -0.4329168	0.007795651 0.9958213 -0.09098995 0.05407524	-0.5530206 0.08010457 0.8293078 0.708172	0 0 0 1	
-0.8339353 -0.04667044 -0.5498856 -0.4329495	0.001773508 0.9961858 -0.08723892 0.0603197	-0.5518597 0.07372683 0.8306718 0.7197899	0 0 0 1	
-0.8341053 -0.05016147 -0.5493199 -0.4339132	-0.005349508 0.9965454 -0.08287726 0.06734174	-0.5515795 0.06618977 0.8314921 0.7309436	0 0 0 1	
-0.8340963 -0.05391436 -0.5489777 -0.4341992	-0.01310751 0.9968683 -0.07798602 0.07542918	-0.5514629 0.05785213 0.8321909 0.74144	0 0 0 1	
-0.8332069 -0.05916738 -0.5497873 -0.4367451	-0.02235229 0.9970502 -0.07342616 0.08325425	-0.55251 0.04889016 0.8320715 0.7518926	0 0 0 1	
-0.8315282 -0.06420697 -0.5517596 -0.440369	-0.03122458 0.9971295 -0.06897671 0.09111526	-0.5546045 0.04012761 0.8311461 0.7619002	0 0 0 1	
-0.8299989 -0.06901188 -0.5534793 -0.4437802	-0.03985966 0.9971178 -0.06455437 0.09908912	-0.5563391 0.03151855 0.8303574 0.7721952	0 0 0 1	
-0.82829 -0.07289058 -0.5555385 -0.4473411	-0.04695296 0.9970441 -0.06081392 0.1065533	-0.5583292 0.02428737 0.8292642 0.7827305	0 0 0 1	
-0.8263316 -0.07461081 -0.55822 -0.4509797	-0.05081989 0.9970204 -0.05803166 0.1129545	-0.5608865 0.01958471 0.8276612 0.793591	0 0 0 1	
-0.8247989 -0.07305938 -0.5606863 -0.4531361	-0.05009512 0.9971597 -0.05624085 0.1186468	-0.5632027 0.01829975 0.8261162 0.805695	0 0 0 1	
-0.8224525 -0.0709312 -0.5643939 -0.4565697	-0.04751925 0.9972942 -0.05609015 0.1213557	-0.5668454 0.01931192 0.8235978 0.8172225	0 0 0 1	
-0.8204939 -0.06883904 -0.5674955 -0.459388	-0.04365615 0.9973694 -0.0578654 0.1216206	-0.569986 0.02270354 0.8213408 0.8294011	0 0 0 1	
-0.8192123 -0.06756689 -0.5694963 -0.4613004	-0.0397334 0.9973361 -0.06117126 0.1199874	-0.5721124 0.02748423 0.8197147 0.8422512	0 0 0 1	
-0.8189793 -0.06667799 -0.5699359 -0.4616888	-0.0361234 0.9972467 -0.06476183 0.1177375	-0.5726848 0.03245058 0.819133 0.8557605	0 0 0 1	
-0.8196889 -0.06619285 -0.5689718 -0.4606798	-0.03375033 0.9971561 -0.06738442 0.116267	-0.5718141 0.03603127 0.8195919 0.86953	0 0 0 1	
-0.8217305 -0.06592328 -0.5660506 -0.4566079	-0.03308558 0.9971299 -0.06809752 0.1166047	-0.5689152 0.03722969 0.8215531 0.8839469	0 0 0 1	
-0.8227209 -0.06760741 -0.5644109 -0.4552486	-0.03572725 0.997089 -0.06735706 0.1188221	-0.5673217 0.03525122 0.8227415 0.896479	0 0 0 1	
-0.822957 -0.06987485 -0.5637901 -0.4551341	-0.04027596 0.997086 -0.06478626 0.1230702	-0.5666741 0.03060913 0.8233733 0.9076694	0 0 0 1	
-0.8229301 -0.07177655 -0.5635904 -0.4553658	-0.04540318 0.9971232 -0.06069377 0.1288944	-0.5663255 0.02435794 0.8238217 0.918046	0 0 0 1	
-0.8232864 -0.07141792 -0.5631157 -0.4546016	-0.04867106 0.9972815 -0.05532356 0.1356642	-0.565536 0.01813969 0.8245243 0.9283355	0 0 0 1	
-0.8240759 -0.06829219 -0.5623481 -0.4526131	-0.04905039 0.9975804 -0.04926793 0.1425516	-0.5643521 0.01301711 0.8254317 0.9387602	0 0 0 1	
-0.8266301 -0.06271101 -0.5592406 -0.4441732	-0.04680284 0.9979898 -0.04272993 0.1464553	-0.5607961 0.009147797 0.8279035 0.9496538	0 0 0 1	
-0.8293113 -0.05823442 -0.5557443 -0.4382583	-0.04486784 0.9982831 -0.03765226 0.1516897	-0.5569828 0.006290395 0.8305002 0.9613789	0 0 0 1	
-0.832648 -0.05595513 -0.5509688 -0.4313369	-0.04370704 0.9984189 -0.03534519 0.154169	-0.5520754 0.005348884 0.8337773 0.9738601	0 0 0 1	
-0.8363516 -0.05650749 -0.5452732 -0.4240034	-0.04373945 0.9983805 -0.03637519 0.1533653	-0.5464456 0.006572496 0.8374687 0.9870216	0 0 0 1	
-0.8401552 -0.05909012 -0.5391176 -0.4165778	-0.04425027 0.9982013 -0.04044894 0.1494237	-0.540538 0.01012728 0.8412588 1.000712	0 0 0 1	
-0.8442088 -0.06242546 -0.5323672 -0.4085349	-0.04419967 0.99792 -0.04692601 0.1427883	-0.5341893 0.01608489 0.8452121 1.015	0 0 0 1	
-0.8485503 -0.06466831 -0.5251479 -0.3994908	-0.04233144 0.9976188 -0.05444935 0.1345725	-0.5274186 0.02397275 0.8492674 1.029686	0 0 0 1	
-0.8542317 -0.06405458 -0.5159314 -0.3845129	-0.03804304 0.997422 -0.06084506 0.1227835	-0.5184987 0.03234819 0.8544663 1.040146	0 0 0 1	
-0.8602645 -0.06277904 -0.5059682 -0.370717	-0.03366827 0.997219 -0.06648806 0.1157166	-0.5087351 0.04016224 0.8599858 1.055279	0 0 0 1	
-0.8672348 -0.06103273 -0.4941444 -0.3543192	-0.03019467 0.9970788 -0.07015879 0.11095	-0.4969829 0.04592362 0.8665442 1.070383	0 0 0 1	
-0.8746358 -0.05904082 -0.4811717 -0.3362514	-0.02787958 0.9970393 -0.07166161 0.1089244	-0.4839781 0.04926296 0.8736924 1.085074	0 0 0 1	
-0.8821021 -0.05706073 -0.4675901 -0.3172721	-0.02650018 0.9970754 -0.07168244 0.1089782	-0.4703129 0.05083999 0.8810345 1.099265	0 0 0 1	
-0.8895879 -0.05502205 -0.4534383 -0.2961813	-0.02585177 0.9971918 -0.07028548 0.1086772	-0.4560323 0.05080292 0.8885123 1.110255	0 0 0 1	
-0.8970131 -0.05382501 -0.438715 -0.2757341	-0.02626444 0.9972947 -0.06865474 0.1115315	-0.4412234 0.05006158 0.896 1.12355	0 0 0 1	
-0.9042562 -0.05268133 -0.4237284 -0.2548406	-0.02699773 0.9974282 -0.06639391 0.1153736	-0.4261364 0.04859738 0.9033529 1.13637	0 0 0 1	
-0.9111372 -0.05081898 -0.4089578 -0.2338718	-0.02734056 0.9976354 -0.06305738 0.1205027	-0.4111953 0.04627278 0.9103721 1.148576	0 0 0 1	
-0.917999 -0.0483478 -0.3936245 -0.211875	-0.02733896 0.9978948 -0.05880954 0.1268099	-0.3956391 0.04322581 0.9173882 1.160371	0 0 0 1	
-0.9251713 -0.04593441 -0.3767603 -0.1878084	-0.02718721 0.9981201 -0.05492943 0.1329396	-0.3785751 0.04057606 0.9246808 1.172098	0 0 0 1	
-0.9323479 -0.04364129 -0.3589194 -0.1623977	-0.02659255 0.9982771 -0.05230309 0.137745	-0.3605837 0.03922009 0.9319022 1.183765	0 0 0 1	
-0.9391341 -0.04165079 -0.3410168 -0.1381987	-0.02554203 0.9983414 -0.05159372 0.1383906	-0.3426001 0.03974316 0.9386405 1.190982	0 0 0 1	
-0.9457226 -0.03956477 -0.3225575 -0.1119534	-0.02362633 0.9983054 -0.05318049 0.138179	-0.324115 0.04267314 0.9450548 1.20257	0 0 0 1	
-0.9524612 -0.0383353 -0.3022385 -0.08339143	-0.02208911 0.9981303 -0.05699011 0.1355414	-0.3038581 0.04760469 0.9515272 1.214119	0 0 0 1	
-0.9594431 -0.03855174 -0.2792545 -0.05163109	-0.02187523 0.9977995 -0.06259122 0.1312664	-0.281053 0.05394395 0.9581752 1.22531	0 0 0 1	
-0.9663543 -0.04094683 -0.2539355 -0.01732373	-0.02395918 0.9972848 -0.06963424 0.1260852	-0.2560973 0.06120725 0.9647114 1.23575	0 0 0 1	
-0.9727992 -0.04469205 -0.2272986 0.01613206	-0.02798083 0.9966983 -0.07622029 0.1206165	-0.2299546 0.06778702 0.9708378 1.240028	0 0 0 1	
-0.978673 -0.04658801 -0.200072 0.05303705	-0.0301936 0.995989 -0.08422713 0.114987	-0.2031935 0.07638992 0.9761542 1.248497	0 0 0 1	
-0.9836986 -0.04786519 -0.1733374 0.08958909	-0.03195173 0.9951102 -0.09346084 0.1077651	-0.1769633 0.08639886 0.9804178 1.256008	0 0 0 1	
-0.9877611 -0.05032943 -0.1476315 0.1245776	-0.03564568 0.9943009 -0.1004744 0.1035659	-0.1518469 0.09398226 0.9839258 1.262043	0 0 0 1	
-0.9911798 -0.05419583 -0.1209356 0.160459	-0.04170115 0.993749 -0.1035568 0.1047409	-0.125792 0.09760027 0.9872439 1.266124	0 0 0 1	
-0.9939573 -0.0576541 -0.09340796 0.197533	-0.04786314 0.993439 -0.103866 0.1093338	-0.0987834 0.09876761 0.9901953 1.268424	0 0 0 1	
-0.9959524 -0.05905897 -0.06775719 0.2268874	-0.05200816 0.9934771 -0.1014813 0.1151092	-0.0733086 0.09754658 0.9925275 1.261771	0 0 0 1	
-0.9973279 -0.05797667 -0.04445173 0.259649	-0.05341055 0.9937711 -0.09780748 0.1231185	-0.0498454 0.09517193 0.9942123 1.262227	0 0 0 1	
-0.9981308 -0.05661872 -0.02301019 0.2900715	-0.05424089 0.9941539 -0.09335972 0.1318497	-0.02816157 0.0919371 0.9953667 1.262135	0 0 0 1	
-0.9984977 -0.05472834 -0.002709374 0.3191567	-0.05427542 0.9946086 -0.08836193 0.1409483	-0.007530669 0.08808212 0.9960849 1.261489	0 0 0 1	
-0.9985042 -0.05224534 0.01612396 0.346541	-0.05340681 0.9951289 -0.0828628 0.1503446	0.01171622 0.08359998 0.9964306 1.260533	0 0 0 1	
-0.998148 -0.05046361 0.03397329 0.3723277	-0.05298773 0.9955418 -0.07803078 0.1590782	0.02988412 0.07968643 0.996372 1.25952	0 0 0 1	
-0.9973465 -0.05172887 0.05122773 0.3881242	-0.05546885 0.9956772 -0.07449871 0.1654335	0.04715256 0.07714256 0.9959046 1.251579	0 0 0 1	
-0.9961394 -0.05450705 0.0688141 0.4112854	-0.05958173 0.995478 -0.07398391 0.1702737	0.06447028 0.07779835 0.9948825 1.251037	0 0 0 1	
-0.9946908 -0.05711362 0.08560617 0.4333169	-0.06363237 0.9951164 -0.07545986 0.1724108	0.08087833 0.08050654 0.9934675 1.251018	0 0 0 1	
-0.9932473 -0.05708175 0.1010035 0.4543544	-0.06504195 0.9948797 -0.07735633 0.1729146	0.09607073 0.08340343 0.9918742 1.251363	0 0 0 1	
-0.9918909 -0.05424291 0.1149356 0.4744198	-0.06354254 0.9948589 -0.07885477 0.172829	0.1100674 0.08551863 0.9902382 1.251944	0 0 0 1	
-0.9906985 -0.04981539 0.1266317 0.4921381	-0.06019534 0.995015 -0.07950901 0.1732531	0.1220397 0.08639207 0.9887584 1.253157	0 0 0 1	
-0.9895765 -0.04638629 0.1363356 0.4939348	-0.05743536 0.9952772 -0.07825872 0.1744654	0.1320616 0.08527344 0.9875671 1.244065	0 0 0 1	
-0.9886905 -0.04230227 0.1438812 0.5056229	-0.05361238 0.9956914 -0.07565998 0.1794597	0.1400607 0.0825181 0.9866985 1.246448	0 0 0 1	
-0.9879125 -0.03717089 0.1504895 0.5164101	-0.04825492 0.9963309 -0.07068357 0.1872817	0.14731 0.07709104 0.9860815 1.248608	0 0 0 1	
-0.9871799 -0.03036226 0.1566973 0.5272347	-0.04063756 0.9971989 -0.06279224 0.1983456	0.1543518 0.06835502 0.9856486 1.250041	0 0 0 1	
-0.9863694 -0.02255295 0.162993 0.5384629	-0.03136898 0.9981689 -0.0517185 0.213311	0.1615281 0.05612647 0.9852707 1.250383	0 0 0 1	
-0.9853724 -0.01430724 0.1698136 0.5504665	-0.0209257 0.9990869 -0.03724928 0.2328858	0.1691256 0.04025787 0.9847721 1.249221	0 0 0 1	
-0.9849582 -0.004666901 0.172731 0.5579348	-0.008742437 0.9997008 -0.02284146 0.2524656	0.1725727 0.02400797 0.9847044 1.249944	0 0 0 1	
-0.9850123 0.00277199 0.1724624 0.5576711	0.001027244 0.9999474 -0.01020511 0.2724079	0.1724816 0.009874994 0.9849633 1.251728	0 0 0 1	
-0.9849948 0.00647116 0.1724632 0.5588996	0.006157711 0.9999782 -0.002352428 0.2875415	0.1724747 0.001255151 0.9850132 1.256663	0 0 0 1	
-0.9852281 0.01057285 0.1709205 0.5581766	0.01063209 0.9999433 -0.0005688326 0.2953714	0.1709169 -0.001256812 0.9852847 1.264753	0 0 0 1	
-0.985252 0.01446225 0.1704981 0.5587968	0.01381624 0.9998922 -0.004974881 0.2957061	0.1705516 0.002545868 0.9853456 1.274785	0 0 0 1	
-0.9854137 0.01724296 0.1692997 0.5578847	0.01470239 0.9997599 -0.01624859 0.287875	0.1695393 0.01352247 0.9854306 1.28812	0 0 0 1	
-0.9857358 0.0162056 0.1675191 0.5566248	0.01106766 0.9994406 -0.03155904 0.2761083	0.1679368 0.02925483 0.9853637 1.304602	0 0 0 1	
-0.9857591 0.007738407 0.1679852 0.5530828	0.0001047885 0.9989687 -0.04540358 0.269527	0.1681633 0.04473939 0.9847434 1.319064	0 0 0 1	
-0.9855757 -0.006231276 0.1691214 0.5477268	-0.01604902 0.9982596 -0.05674674 0.2684233	0.1684735 0.05864243 0.9839604 1.332896	0 0 0 1	
-0.9859951 -0.02140736 0.1653956 0.5348858	-0.03242891 0.9974083 -0.06422701 0.2731308	0.1635921 0.0686911 0.9841338 1.348527	0 0 0 1	
-0.9867523 -0.0375879 0.1578202 0.5158167	-0.04903844 0.99639 -0.06929769 0.2817062	0.1546457 0.0761189 0.9850334 1.365685	0 0 0 1	
-0.9870106 -0.04994349 0.1526959 0.5012385	-0.06214163 0.9951555 -0.07618349 0.2864061	0.1481513 0.08468267 0.9853326 1.381705	0 0 0 1	
-0.9874882 -0.05384931 0.1482154 0.4979661	-0.06676311 0.9942623 -0.08357721 0.2899799	0.1428645 0.09242681 0.9854174 1.40235	0 0 0 1	
-0.9882607 -0.05367929 0.143036 0.4893428	-0.06621159 0.9942343 -0.08434605 0.2990805	0.1376836 0.09282652 0.9861169 1.415088	0 0 0 1	
-0.9883323 -0.05383923 0.1424812 0.4871113	-0.06563194 0.9946797 -0.07940254 0.3169661	0.1374482 0.0878274 0.9866076 1.423222	0 0 0 1	
-0.9880489 -0.05422769 0.1442877 0.488179	-0.06491819 0.9954011 -0.07044283 0.3414162	0.1398042 0.07896785 0.9870254 1.428344	0 0 0 1	
-0.9878181 -0.05580903 0.1452617 0.4873787	-0.06496755 0.9961367 -0.05908437 0.3704717	0.141403 0.0678019 0.9876276 1.432694	0 0 0 1	
-0.9870089 -0.06059986 0.148801 0.4882259	-0.06841725 0.996502 -0.04798711 0.4009294	0.1453725 0.05754425 0.9877025 1.435746	0 0 0 1	
