0 1 0 0	0 0 -1 0	1 0 0 0	0 0 0 1	
-1.192093E-07 1 0 0	-1 -1.192093E-07 0 0	0 0 -1 0	0 0 0 1	
0.9111874 -0.008979447 0.4118943 0	-0.2333731 0.8126507 0.5339811 0	0.339521 0.582682 -0.7383815 0	0 0 0 1	
0.9108686 -0.009466238 0.412588 0	-0.2332703 0.8129038 0.5336407 0	0.3404459 0.582321 -0.7382404 0	0 0 0 1	
0.9108856 -0.01003065 0.412537 0	-0.2327335 0.8130536 0.5336468 0	0.3407675 0.5821024 -0.7382644 0	0 0 0 1	
0.9113647 -0.01075836 0.4114591 0	-0.2316039 0.8129801 0.53425 0	0.3402558 0.5821921 -0.7384297 0	0 0 0 1	
0.9113737 -0.01115395 0.4114287 0	-0.2312966 0.8129723 0.534395 0	0.3404408 0.5821955 -0.7383417 0	0 0 0 1	
0.9109149 -0.01138725 0.4124371 0	-0.2315403 0.8132691 0.5338374 0	0.3415013 0.5817763 -0.7381824 0	0 0 0 1	
0.9108884 -0.01156739 0.4124907 0	-0.2312364 0.8136118 0.5334469 0	0.3417779 0.5812935 -0.7384347 0	0 0 0 1	
0.9104114 -0.01196979 0.413531 0	-0.2312631 0.8140917 0.5327027 0	0.3430285 0.580613 -0.7383901 0	0 0 0 1	
0.9099791 -0.01215146 0.4144761 0	-0.2315176 0.8143674 0.5321705 0	0.3440025 0.5802225 -0.738244 0	0 0 0 1	
0.9098552 -0.01711194 0.4145728 0	-0.2268748 0.8160442 0.5316011 0	0.3474065 0.5777361 -0.7385998 0	0 0 0 1	
0.9100708 -0.0171456 0.4140979 0	-0.2266991 0.8158329 0.5320003 0	0.3469562 0.5780336 -0.7385788 0	0 0 0 1	
0.9102116 -0.0166448 0.4138088 0	-0.2273014 0.8151693 0.5327598 0	0.3461919 0.5789834 -0.7381933 0	0 0 0 1	
0.9105089 -0.01788831 0.4131024 0	-0.22569 0.8156193 0.5327562 0	0.3464644 0.5783124 -0.7385914 0	0 0 0 1	
0.9106541 -0.01823805 0.4127669 0	-0.2249983 0.8160099 0.5324506 0	0.3465328 0.5777501 -0.7389992 0	0 0 0 1	
0.9109473 -0.01861928 0.4121023 0	-0.2240269 0.8165059 0.5320996 0	0.3463913 0.5770367 -0.7396227 0	0 0 0 1	
0.9109037 -0.02026346 0.4121212 0	-0.2224598 0.8170815 0.5318736 0	0.3475142 0.576166 -0.7397747 0	0 0 0 1	
0.9109118 -0.02085165 0.4120739 0	-0.2218167 0.8173704 0.5316982 0	0.3479038 0.5757351 -0.7399271 0	0 0 0 1	
0.9110218 -0.02072316 0.4118371 0	-0.2216621 0.8175572 0.5314755 0	0.3477143 0.5754745 -0.7402189 0	0 0 0 1	
0.9110814 -0.01985978 0.4117477 0	-0.2221965 0.8176585 0.5310962 0	0.3472165 0.5753609 -0.7405407 0	0 0 0 1	
0.9110856 -0.01930011 0.4117652 0	-0.2224272 0.817989 0.5304906 0	0.3470579 0.5749101 -0.7409651 0	0 0 0 1	
0.9111012 -0.0184154 0.4117711 0	-0.2228108 0.8184592 0.5296036 0	0.3467707 0.5742695 -0.741596 0	0 0 0 1	
0.9110695 -0.01775106 0.4118705 0	-0.222854 0.8193085 0.5282704 0	0.3468264 0.573078 -0.7424911 0	0 0 0 1	
0.9110616 -0.0173649 0.4119043 0	-0.2229049 0.8197359 0.5275855 0	0.3468142 0.5724784 -0.7429593 0	0 0 0 1	
0.9109563 -0.01683512 0.4121593 0	-0.2232266 0.8201054 0.5268747 0	0.3468841 0.5719647 -0.7433221 0	0 0 0 1	
0.9109879 -0.01645542 0.4121048 0	-0.2232099 0.8205516 0.5261867 0	0.3468118 0.5713356 -0.7438395 0	0 0 0 1	
0.9110572 -0.01656052 0.4119472 0	-0.2227204 0.8210773 0.5255736 0	0.3469442 0.5705767 -0.7443601 0	0 0 0 1	
0.9110315 -0.01707968 0.4119829 0	-0.2219914 0.8216664 0.5249611 0	0.3474787 0.5697127 -0.7447724 0	0 0 0 1	
0.9110575 -0.01773594 0.4118976 0	-0.2211739 0.8221148 0.524604 0	0.3479315 0.5690454 -0.7450712 0	0 0 0 1	
0.9113104 -0.0179323 0.4113292 0	-0.2204549 0.8225133 0.5242818 0	0.3477253 0.568463 -0.7456117 0	0 0 0 1	
0.9118388 -0.01754368 0.4101735 0	-0.2195484 0.8233895 0.5232859 0	0.3469129 0.5672054 -0.7469468 0	0 0 0 1	
0.9123321 -0.01714918 0.4090917 0	-0.2186491 0.8243339 0.5221745 0	0.3461831 0.5658441 -0.7483166 0	0 0 0 1	
0.9130859 -0.01730432 0.4073998 0	-0.2166582 0.8258147 0.5206624 0	0.3454465 0.5636761 -0.7502906 0	0 0 0 1	
0.9135458 -0.01745467 0.4063611 0	-0.2154428 0.8266457 0.5198473 0	0.3449904 0.5624519 -0.7514183 0	0 0 0 1	
0.9146 -0.01784278 0.403966 0	-0.2125694 0.8286296 0.5178681 0	0.3439783 0.5595129 -0.7540718 0	0 0 0 1	
0.9151655 -0.0182565 0.4026647 0	-0.2103643 0.830502 0.5157647 0	0.3438299 0.5567163 -0.7562063 0	0 0 0 1	
0.9162098 -0.0181054 0.4002896 0	-0.2074294 0.8332764 0.5124681 0	0.3428303 0.5525601 -0.7597004 0	0 0 0 1	
0.917053 -0.01773778 0.3983706 0	-0.2053191 0.8354061 0.5098438 0	0.3418447 0.5493469 -0.7624698 0	0 0 0 1	
0.917977 -0.01771226 0.396238 0	-0.2027799 0.8376153 0.5072287 0	0.3408792 0.5459734 -0.7653198 0	0 0 0 1	
0.9189541 -0.0168239 0.3940054 0	-0.2007468 0.840004 0.5040774 0	0.3394467 0.5423194 -0.7685478 0	0 0 0 1	
0.920628 -0.01493765 0.3901552 0	-0.1979008 0.8435417 0.4992721 0	0.3365701 0.5368559 -0.7736319 0	0 0 0 1	
0.9222611 -0.01329484 0.3863389 0	-0.1951016 0.8467743 0.4948823 0	0.3337213 0.5317861 -0.7783532 0	0 0 0 1	
0.923964 -0.01110289 0.3823183 2.960825E-09	-0.1916463 0.8516068 0.4878909 4.718226E-10	0.3310018 0.5240635 -0.7847262 4.993742E-09	0 0 0 1	
0.9257145 -0.009932093 0.3780926 -0.001034641	-0.1883656 0.8547554 0.4836441 -0.001660635	0.3279803 0.518936 -0.7893886 -0.0004516913	0 0 0 1	
0.9274492 -0.008696914 0.373848 -0.00218646	-0.1847484 0.8585436 0.4782999 -0.003428834	0.3251246 0.5126667 -0.7946489 -0.0009725859	0 0 0 1	
0.929065 -0.00771156 0.3698361 -0.003443772	-0.1809544 0.8625209 0.4725603 -0.005266921	0.3226355 0.5059627 -0.7999426 -0.001492378	0 0 0 1	
0.9306172 -0.007123932 0.3659248 -0.00479792	-0.1769443 0.866442 0.4668715 -0.007177177	0.3203786 0.499227 -0.8050652 -0.001970983	0 0 0 1	
0.9323475 -0.006591916 0.3615033 -0.00625945	-0.172732 0.8702365 0.4613589 -0.009160439	0.3176346 0.49259 -0.8102242 -0.002405243	0 0 0 1	
0.9338015 -0.008431412 0.3576921 -0.01109012	-0.1644394 0.8777682 0.4499809 -0.008283492	0.3177647 0.4790116 -0.8182747 -0.01608408	0 0 0 1	
0.9359085 -0.006891064 0.3521758 -0.01298867	-0.1607565 0.881259 0.4444547 -0.01028959	0.3134209 0.4725835 -0.82367 -0.01714527	0 0 0 1	
0.9380249 -0.004860669 0.3465337 -0.01497313	-0.1575074 0.8846912 0.4387629 -0.01233629	0.308708 0.4661522 -0.8290969 -0.01815202	0 0 0 1	
0.9400902 -0.002853148 0.3409138 -0.01705363	-0.1543771 0.8880096 0.4331359 -0.0144101	0.3039705 0.4598161 -0.8343687 -0.01909186	0 0 0 1	
0.9420255 -0.00118909 0.3355392 -0.01924022	-0.1511877 0.891227 0.4276174 -0.01650764	0.2995501 0.4535559 -0.8393788 -0.01997271	0 0 0 1	
0.9437985 0.0002852678 0.3305213 -0.02150928	-0.1480469 0.8944385 0.4219738 -0.01864532	0.2955106 0.4471909 -0.8442119 -0.0208033	0 0 0 1	
0.9455999 0.00131695 0.3253292 -0.0252493	-0.1438855 0.8985661 0.4145792 -0.01997808	0.2917838 0.4388362 -0.8498735 -0.02425743	0 0 0 1	
0.9474565 0.003624655 0.3198642 -0.02771452	-0.1414987 0.9015373 0.4089115 -0.02221232	0.2868873 0.4326862 -0.8546802 -0.02512025	0 0 0 1	
0.9493421 0.006429978 0.3141786 -0.030213	-0.1395479 0.9044285 0.4031568 -0.02447353	0.2815598 0.4265767 -0.8595094 -0.02592292	0 0 0 1	
0.9511209 0.009394363 0.308676 -0.03273112	-0.137851 0.907344 0.3971448 -0.02675756	0.2763444 0.420284 -0.8642888 -0.02670652	0 0 0 1	
0.9527727 0.01207707 0.303444 -0.0352533	-0.136048 0.9103051 0.3909419 -0.02907474	0.2715052 0.4137617 -0.8689569 -0.02748028	0 0 0 1	
0.9543588 0.01427447 0.2983213 -0.03775937	-0.1338106 0.9134316 0.3843662 -0.03143927	0.2670095 0.4067418 -0.8736516 -0.02823001	0 0 0 1	
0.9555854 0.01166479 0.2944834 -0.04894459	-0.128387 0.915896 0.3803305 -0.03965589	0.2652797 0.4012461 -0.8767145 -0.02685154	0 0 0 1	
0.9565575 0.012828 0.2912616 -0.05168184	-0.1260407 0.9190421 0.373464 -0.04223328	0.2628908 0.3939506 -0.8807334 -0.02737733	0 0 0 1	
0.9571832 0.01298283 0.2891914 -0.05433242	-0.1235431 0.9217697 0.367529 -0.04480532	0.2617964 0.3875203 -0.8839065 -0.02790889	0 0 0 1	
0.9574628 0.01204414 0.2883053 -0.05689098	-0.1208338 0.924044 0.362687 -0.04738295	0.2620385 0.3820963 -0.8861931 -0.02847363	0 0 0 1	
0.9574075 0.01030545 0.2885561 -0.05933532	-0.1179031 0.9262031 0.3581153 -0.04996669	0.263571 0.3768839 -0.8879689 -0.02908587	0 0 0 1	
0.9571702 0.008397523 0.2894041 -0.06165678	-0.1148734 0.9285495 0.3529871 -0.05253465	0.2657618 0.3711136 -0.8897445 -0.02971836	0 0 0 1	
0.9563256 0.007164001 0.2922158 -0.06442757	-0.1139608 0.9297307 0.3501627 -0.06211334	0.2691734 0.3681706 -0.8899416 -0.02640508	0 0 0 1	
0.9556832 0.005504042 0.2943457 -0.06647227	-0.1113403 0.9323205 0.3440665 -0.06474471	0.2725308 0.3615911 -0.8916159 -0.02663193	0 0 0 1	
0.954899 0.003746767 0.2969071 -0.0684123	-0.1088745 0.9346966 0.3383619 -0.06723946	0.2762503 0.355427 -0.8929487 -0.02676383	0 0 0 1	
0.953677 0.001656312 0.300828 -0.07024246	-0.1068909 0.9365973 0.333706 -0.06956248	0.2812019 0.3504035 -0.8933884 -0.02685754	0 0 0 1	
0.9518077 -0.001107268 0.3066936 -0.07195193	-0.1053904 0.9379174 0.33046 -0.07173077	0.2880191 0.3468569 -0.8926003 -0.02699856	0 0 0 1	
0.9497399 -0.004257247 0.3130113 -0.07357034	-0.1041228 0.9386784 0.3286965 -0.07378627	0.2952162 0.3447678 -0.891057 -0.02715856	0 0 0 1	
0.9472607 -0.009117197 0.3203343 -0.08054792	-0.1025404 0.9384193 0.3299311 -0.07818041	0.303616 0.345378 -0.8879929 -0.02851599	0 0 0 1	
0.9447748 -0.01100544 0.3275355 -0.08224399	-0.1037266 0.9380123 0.330717 -0.07989433	0.310872 0.3464272 -0.8850688 -0.02871197	0 0 0 1	
0.9418641 -0.01257538 0.3357586 -0.08392528	-0.1061917 0.9369357 0.3329789 -0.08139116	0.3187715 0.3492756 -0.8811307 -0.02895488	0 0 0 1	
0.9385053 -0.01406208 0.3449784 -0.08561054	-0.1090824 0.9359161 0.3349061 -0.08279167	0.3275804 0.3519423 -0.8768283 -0.02923211	0 0 0 1	
0.9350375 -0.01511383 0.3542266 -0.08730187	-0.1120314 0.9353076 0.3356316 -0.08413299	0.3363836 0.3535126 -0.8728545 -0.02952552	0 0 0 1	
0.931665 -0.01668169 0.3629354 -0.08935066	-0.1137683 0.9353114 0.3350364 -0.08349492	0.3450466 0.3534322 -0.869499 -0.02532692	0 0 0 1	
0.9280465 -0.01810654 0.3720241 -0.09112196	-0.1149417 0.9361457 0.3322946 -0.08484565	0.3542854 0.3511459 -0.8667055 -0.02567198	0 0 0 1	
0.9245203 -0.01896682 0.3806605 -0.09295189	-0.1154646 0.9378871 0.3271632 -0.08618164	0.3632218 0.3464219 -0.8649056 -0.02602828	0 0 0 1	
0.9211644 -0.01897109 0.3887111 -0.09486538	-0.1155438 0.9404431 0.3197131 -0.0874848	0.371626 0.3394214 -0.8641107 -0.02632934	0 0 0 1	
0.9178554 -0.01809723 0.3965021 -0.09684707	-0.1154608 0.9435861 0.3103454 -0.08873866	0.3797502 0.3306326 -0.863986 -0.02656691	0 0 0 1	
0.9142411 -0.01644424 0.4048369 -0.0988623	-0.1157913 0.9469004 0.2999534 -0.08989872	0.3882727 0.3211063 -0.8637911 -0.02682394	0 0 0 1	
0.9099427 -0.01438569 0.4144843 -0.103574	-0.1166553 0.9501711 0.2890785 -0.09026641	0.3979896 0.3113967 -0.8629231 -0.02260606	0 0 0 1	
0.9049567 -0.01224959 0.4253273 -0.105745	-0.1185425 0.9527531 0.2796592 -0.09121113	0.4086576 0.3034988 -0.8607482 -0.02321812	0 0 0 1	
0.8995821 -0.009673893 0.4366444 -0.1079759	-0.1212145 0.9549493 0.2708852 -0.09210659	0.4195938 0.2966112 -0.8578828 -0.02391966	0 0 0 1	
0.8935059 -0.00692923 0.4489979 -0.1102396	-0.125041 0.9564955 0.2635929 -0.09292111	0.431291 0.291665 -0.8537679 -0.02482768	0 0 0 1	
0.8872371 -0.004692204 0.4612899 -0.1125055	-0.1291108 0.9574607 0.2580687 -0.09375668	0.4428778 0.2885256 -0.8488889 -0.02587307	0 0 0 1	
0.8806664 -0.003629781 0.4737231 -0.1147169	-0.1329171 0.9579117 0.2544369 -0.09468792	0.4547085 0.28704 -0.8431182 -0.02714981	0 0 0 1	
0.8737768 -0.003264457 0.4863161 -0.1150307	-0.1360034 0.958439 0.2507944 -0.09737411	0.4669231 0.285279 -0.8370178 -0.03497135	0 0 0 1	
0.8673755 -0.002825134 0.4976462 -0.1169479	-0.1367878 0.9601139 0.2438657 -0.09850424	0.478486 0.2795951 -0.8323928 -0.03643443	0 0 0 1	
0.8605332 0.002833605 0.5093864 -0.1187737	-0.1415067 0.9619555 0.2337035 -0.09885161	0.4893449 0.2731912 -0.8281958 -0.03782422	0 0 0 1	
0.8535084 0.0095926 0.5209908 -0.1205074	-0.1474407 0.9634172 0.2238047 -0.09902531	0.4997846 0.2678344 -0.823699 -0.03920811	0 0 0 1	
0.8468527 0.01376626 0.5316495 -0.1221105	-0.1521432 0.9641567 0.2173802 -0.09945656	0.5096009 0.2649758 -0.8185931 -0.04065759	0 0 0 1	
0.8396894 0.01542148 0.5428481 -0.1234886	-0.156574 0.9640244 0.2148058 -0.1000474	0.5200062 0.265366 -0.8118956 -0.04243748	0 0 0 1	
0.8319066 0.01521593 0.5547071 -0.1238011	-0.1606835 0.9634041 0.214554 -0.1015982	0.5311424 0.2676211 -0.8039072 -0.04685105	0 0 0 1	
0.8221518 0.01340297 0.5691105 -0.1245794	-0.1648058 0.9625152 0.2154148 -0.1022931	0.5448903 0.2708964 -0.7935425 -0.04950749	0 0 0 1	
0.8111466 0.01122107 0.5847352 -0.1250772	-0.1687296 0.9617924 0.2156054 -0.1029354	0.5599746 0.2735497 -0.782048 -0.05238857	0 0 0 1	
0.7998225 0.01053192 0.6001442 -0.1253442	-0.1728556 0.9615307 0.2134938 -0.1033778	0.5748085 0.2744955 -0.7708744 -0.05516897	0 0 0 1	
0.7883168 0.01173382 0.6151576 -0.125329	-0.177231 0.9617705 0.2087741 -0.1036041	0.5891907 0.2736051 -0.7602595 -0.05780301	0 0 0 1	
0.7764388 0.01452208 0.6300253 -0.1249713	-0.1818107 0.9623874 0.2018792 -0.1036588	0.6033968 0.2712922 -0.7498752 -0.0603657	0 0 0 1	
0.7643579 0.01819477 0.6445355 -0.1246575	-0.1862029 0.9632429 0.1936274 -0.1039484	0.6173213 0.268015 -0.7396502 -0.0640742	0 0 0 1	
0.7516942 0.02311905 0.6591065 -0.1237014	-0.1914471 0.9640009 0.184527 -0.1037555	0.6311132 0.2648919 -0.72906 -0.06661876	0 0 0 1	
0.7385218 0.02886037 0.6736117 -0.1224887	-0.1964735 0.9649352 0.1740641 -0.1035582	0.6449681 0.260897 -0.7182959 -0.06914896	0 0 0 1	
0.7243704 0.03450872 0.6885468 -0.1209253	-0.200002 0.9663138 0.1619777 -0.1035085	0.6597627 0.2550426 -0.7068709 -0.07173862	0 0 0 1	
0.7081925 0.03935538 0.7049217 -0.1188367	-0.2023946 0.9678565 0.1492988 -0.1035599	0.6763874 0.2484046 -0.6933941 -0.07461637	0 0 0 1	
0.68805 0.0435674 0.7243543 -0.1160121	-0.2055617 0.9690108 0.1369764 -0.1034792	0.6959394 0.2431461 -0.6756836 -0.078109	0 0 0 1	
0.6645863 0.04663406 0.745755 -0.115113	-0.208416 0.9700099 0.1250745 -0.1047447	0.717557 0.23855 -0.6543745 -0.08319937	0 0 0 1	
0.640201 0.04914595 0.7666338 -0.1112102	-0.2086036 0.9715756 0.1119168 -0.105098	0.7393425 0.2315718 -0.6322557 -0.08712679	0 0 0 1	
0.6159458 0.05131502 0.7861155 -0.1069311	-0.2054105 0.9738193 0.09737775 -0.1059092	0.7605376 0.2214558 -0.6103605 -0.09078177	0 0 0 1	
0.5928236 0.05487261 0.8034608 -0.1025244	-0.1990078 0.9767165 0.0801303 -0.1071964	0.7803564 0.2073981 -0.5899407 -0.09398189	0 0 0 1	
0.5691682 0.05956915 0.8200605 -0.09785945	-0.1910633 0.9796525 0.06144678 -0.1087413	0.799714 0.191657 -0.5689685 -0.09707766	0 0 0 1	
0.5455481 0.06534799 0.835528 -0.0930729	-0.1829999 0.9821866 0.04266924 -0.1103913	0.8178559 0.1761796 -0.5477887 -0.1000779	0 0 0 1	
0.5251011 0.07198067 0.8479905 -0.08853465	-0.1748941 0.9842761 0.02475054 -0.1121531	0.8328752 0.161305 -0.5294334 -0.1026556	0 0 0 1	
0.5104865 0.07774391 0.8563641 -0.08556566	-0.1661621 0.9860524 0.009533301 -0.1154206	0.8436787 0.1471619 -0.5162845 -0.1049464	0 0 0 1	
0.4979641 0.08180282 0.8633307 -0.08139957	-0.1586684 0.9873298 -0.00203307 -0.1173446	0.8525585 0.1359709 -0.5046344 -0.1067698	0 0 0 1	
0.4873645 0.08427879 0.8691219 -0.0772959	-0.1540596 0.9880167 -0.009418316 -0.1189715	0.8595006 0.1293064 -0.4945082 -0.1086089	0 0 0 1	
0.4741632 0.08631741 0.8761956 -0.07291356	-0.1527195 0.9881602 -0.01470158 -0.1201876	0.8670906 0.1268412 -0.4817315 -0.1107011	0 0 0 1	
0.4595363 0.08727272 0.8838608 -0.06828955	-0.1540642 0.9879068 -0.01744529 -0.1210207	0.8746946 0.1281546 -0.4674246 -0.1128681	0 0 0 1	
0.4442555 0.08677602 0.8916879 -0.06369814	-0.1580825 0.987274 -0.01731845 -0.124297	0.8818431 0.1332664 -0.4523197 -0.1194152	0 0 0 1	
0.4288359 0.08614761 0.8992656 -0.05872687	-0.1661429 0.9859841 -0.01522593 -0.1239805	0.8879732 0.1428771 -0.4371382 -0.1215163	0 0 0 1	
0.414241 0.08525588 0.9061655 -0.05378725	-0.1766768 0.9841978 -0.01183213 -0.1232109	0.8928548 0.1551971 -0.4227578 -0.1234486	0 0 0 1	
0.401323 0.08530714 0.9119555 -0.04910704	-0.1869128 0.9823292 -0.009635642 -0.1224041	0.8966625 0.1665892 -0.4101763 -0.1250694	0 0 0 1	
0.3925569 0.08748566 0.9155574 -0.04508458	-0.1946121 0.9808264 -0.01027998 -0.1218907	0.8989022 0.1741431 -0.4020559 -0.12624	0 0 0 1	
0.3867158 0.09242421 0.9175559 -0.0416098	-0.2000916 0.9796721 -0.01434988 -0.1216876	0.9002301 0.1780459 -0.397348 -0.1271014	0 0 0 1	
0.3820349 0.09814578 0.9189215 -0.03832979	-0.2039106 0.97879 -0.0197657 -0.1217446	0.9013711 0.1798267 -0.3939449 -0.1278312	0 0 0 1	
0.3744999 0.1048869 0.9212755 -0.03692658	-0.2057564 0.9782103 -0.0277286 -0.1211023	0.9041096 0.1791739 -0.3879209 -0.128485	0 0 0 1	
0.3574266 0.1172475 0.9265524 -0.032559	-0.2043954 0.9778585 -0.04489234 -0.1221621	0.9113006 0.1733373 -0.3734775 -0.1284759	0 0 0 1	
0.3449745 0.1318964 0.9292987 -0.02885382	-0.2090062 0.9760137 -0.06093942 -0.1224626	0.915046 0.1732066 -0.3642671 -0.1285647	0 0 0 1	
0.343253 0.1443381 0.9280862 -0.02632836	-0.2232385 0.972343 -0.06865621 -0.1213087	0.9123278 0.1836181 -0.3659815 -0.1293584	0 0 0 1	
0.3484462 0.1531518 0.9247323 -0.02563449	-0.2441263 0.9673409 -0.06821977 -0.1156414	0.9049793 0.2019806 -0.3744547 -0.1285088	0 0 0 1	
0.3545547 0.1593846 0.921351 -0.02366244	-0.2635526 0.9624476 -0.06507347 -0.1132679	0.8971239 0.2197524 -0.3832465 -0.1297386	0 0 0 1	
0.3601814 0.1654285 0.9180973 -0.02154726	-0.2777704 0.9585305 -0.06374111 -0.1115991	0.8905689 0.2320619 -0.391196 -0.1306727	0 0 0 1	
0.36227 0.1720588 0.9160547 -0.0189545	-0.2859424 0.9559387 -0.06646911 -0.1108739	0.8871287 0.2378591 -0.3955069 -0.1312202	0 0 0 1	
0.3571083 0.1780932 0.9169278 -0.01544597	-0.2912621 0.9539415 -0.07184691 -0.1107191	0.887491 0.2414092 -0.3925322 -0.1315533	0 0 0 1	
0.351701 0.1842139 0.9178081 -0.01195788	-0.2990865 0.9511706 -0.07630113 -0.1102457	0.8870478 0.2476688 -0.3896235 -0.1320851	0 0 0 1	
0.3502909 0.1893696 0.9172979 -0.01282791	-0.3121698 0.9469587 -0.07628373 -0.1039026	0.883089 0.2596312 -0.3908265 -0.1317335	0 0 0 1	
0.3535202 0.194051 0.915078 -0.010576	-0.3287689 0.9416108 -0.07266486 -0.101698	0.875748 0.2751607 -0.3966763 -0.1331699	0 0 0 1	
0.3580981 0.1974788 0.9125612 -0.008514464	-0.3463463 0.9357407 -0.06658513 -0.09919455	0.8670698 0.2922182 -0.403483 -0.1348498	0 0 0 1	
0.364567 0.2002024 0.9094008 -0.006727938	-0.3618551 0.9303179 -0.0597442 -0.09678093	0.8579929 0.3072906 -0.4116075 -0.1365946	0 0 0 1	
0.3703558 0.2017584 0.906714 -0.004836967	-0.3734115 0.9261188 -0.05355281 -0.09479643	0.8505296 0.3187438 -0.4183324 -0.1382457	0 0 0 1	
0.3726337 0.2025949 0.9055934 -0.002581798	-0.3816373 0.9229884 -0.04945025 -0.09328467	0.8458706 0.3271814 -0.4212544 -0.1397292	0 0 0 1	
0.3748033 0.2029784 0.9046117 -0.0004923511	-0.3887985 0.9202041 -0.04538801 -0.09177978	0.8416402 0.3347001 -0.4238132 -0.1411726	0 0 0 1	
0.3780107 0.2000261 0.9039345 -0.00565427	-0.3953383 0.9177591 -0.03776115 -0.08462906	0.8371474 0.3430857 -0.4260007 -0.143349	0 0 0 1	
0.3823484 0.1995544 0.9022127 -0.004695682	-0.4024158 0.9149038 -0.03182186 -0.08255702	0.831788 0.3508976 -0.4301158 -0.1446281	0 0 0 1	
0.3858407 0.199452 0.9007474 -0.004022302	-0.4092188 0.9120467 -0.02666263 -0.08047116	0.8268416 0.3583152 -0.4335242 -0.1457604	0 0 0 1	
0.3890106 0.1982566 0.8996472 -0.0035794	-0.4140663 0.9099929 -0.0214927 -0.07857515	0.8229337 0.3641527 -0.4360883 -0.1467419	0 0 0 1	
0.3917316 0.1974598 0.8986413 -0.003466964	-0.4181494 0.9082138 -0.01728542 -0.0766945	0.8195716 0.3689951 -0.4383437 -0.1476281	0 0 0 1	
0.3957902 0.195876 0.8972083 -0.003848661	-0.4213151 0.9068333 -0.01212035 -0.07466044	0.8159924 0.3732103 -0.4414412 -0.1484745	0 0 0 1	
0.4016517 0.1917326 0.8954968 -0.004613124	-0.4238493 0.9057246 -0.003815874 -0.07228316	0.8118052 0.3780231 -0.4450516 -0.1492852	0 0 0 1	
0.4065902 0.1859739 0.8944821 -0.01404535	-0.4269792 0.904241 0.006082177 -0.06435893	0.8076963 0.3843982 -0.4470625 -0.1510197	0 0 0 1	
0.4125627 0.1837524 0.8922035 -0.01575448	-0.430027 0.9027234 0.01292916 -0.06156343	0.8030372 0.3890057 -0.4514486 -0.151765	0 0 0 1	
0.4193743 0.1822985 0.8893214 -0.01781873	-0.4313623 0.9019887 0.018521 -0.05907911	0.7987815 0.3913869 -0.4569076 -0.1525242	0 0 0 1	
0.4246671 0.183241 0.8866119 -0.01996542	-0.4307733 0.9022416 0.0198594 -0.05708698	0.7962992 0.3903623 -0.4620877 -0.1532304	0 0 0 1	
0.4279865 0.1846158 0.8847286 -0.022029	-0.4277301 0.9037206 0.01833513 -0.05551622	0.7961624 0.3862722 -0.4657459 -0.153817	0 0 0 1	
0.4277672 0.1836319 0.8850393 -0.03111437	-0.4233235 0.9058254 0.01666085 -0.05146869	0.7986316 0.3817849 -0.4652181 -0.1552105	0 0 0 1	
0.4298152 0.184155 0.8839377 -0.03355444	-0.4203485 0.9072323 0.01538654 -0.04943316	0.7991034 0.3781753 -0.4673514 -0.155581	0 0 0 1	
0.4346873 0.1832097 0.8817489 -0.03657117	-0.4193232 0.907656 0.0181265 -0.04669593	0.7970037 0.3776171 -0.4713707 -0.1558377	0 0 0 1	
0.4403551 0.1806305 0.8794658 -0.03978773	-0.4204444 0.9069946 0.0242351 -0.04338714	0.7932931 0.3804386 -0.4753447 -0.1559706	0 0 0 1	
0.4399432 0.1775553 0.8802977 -0.04202411	-0.4198213 0.9072102 0.02682905 -0.04058182	0.7938514 0.381371 -0.4736624 -0.156119	0 0 0 1	
0.4282014 0.1731532 0.8869394 -0.04223875	-0.4133116 0.9103281 0.02182145 -0.0391819	0.8036275 0.3759263 -0.4613701 -0.1565287	0 0 0 1	
0.41706 0.1689625 0.8930357 -0.04256805	-0.4058563 0.9137852 0.01665214 -0.03781459	0.8132292 0.369389 -0.4496777 -0.1569432	0 0 0 1	
0.4103591 0.1629857 0.8972408 -0.04393341	-0.3967277 0.9178182 0.01472245 -0.03492016	0.8211045 0.3620018 -0.441296 -0.1580607	0 0 0 1	
0.4043744 0.1563933 0.9011229 -0.04535051	-0.3861953 0.9223222 0.01323074 -0.03350599	0.8290564 0.3533596 -0.4333618 -0.1586003	0 0 0 1	
0.3974649 0.1491976 0.905407 -0.04672409	-0.3736036 0.9275212 0.01116669 -0.03240951	0.8381183 0.3427017 -0.4243979 -0.1591499	0 0 0 1	
0.3898202 0.1438651 0.909584 -0.04807287	-0.3593199 0.9331926 0.006394401 -0.03166331	0.8478971 0.3293243 -0.4154708 -0.159591	0 0 0 1	
0.381258 0.1419513 0.9135054 -0.04939574	-0.3439881 0.9389711 -0.002342612 -0.03118056	0.8580878 0.3133418 -0.4068198 -0.1598664	0 0 0 1	
0.3692707 0.1433545 0.9181986 -0.05028414	-0.3281213 0.9445084 -0.01550207 -0.03079444	0.8694686 0.295556 -0.3958169 -0.1600712	0 0 0 1	
0.3558134 0.1464811 0.9230061 -0.05073752	-0.3132674 0.949195 -0.02987454 -0.02901067	0.8804888 0.2785179 -0.3836241 -0.1603709	0 0 0 1	
0.3448521 0.1507128 0.9264787 -0.05217345	-0.3025487 0.9521956 -0.04228218 -0.02708076	0.8885614 0.2657238 -0.3739646 -0.1600837	0 0 0 1	
0.3364087 0.1536803 0.9290918 -0.05430263	-0.298124 0.953231 -0.04972739 -0.02364627	0.8932812 0.2602559 -0.366491 -0.1592527	0 0 0 1	
0.3286549 0.1543946 0.9317447 -0.05686656	-0.2993335 0.9527149 -0.05228537 -0.01890323	0.8957597 0.2617185 -0.3593299 -0.1578151	0 0 0 1	
0.3193909 0.152207 0.9353195 -0.05950519	-0.3023886 0.9517856 -0.05162758 -0.01355467	0.8980816 0.2663406 -0.3500173 -0.1559142	0 0 0 1	
0.3056136 0.1470042 0.9407392 -0.06083737	-0.3033727 0.951552 -0.05013855 -0.007777903	0.9025329 0.2700716 -0.3354043 -0.1532125	0 0 0 1	
0.2895449 0.1437876 0.9463027 -0.06299158	-0.3044708 0.9511359 -0.05136154 -0.002385985	0.9074476 0.2732501 -0.3191757 -0.1511771	0 0 0 1	
0.2785717 0.1414468 0.9499425 -0.06633169	-0.3070546 0.9502999 -0.05145588 0.003413331	0.9100085 0.27735 -0.3081585 -0.1487875	0 0 0 1	
0.2734337 0.1385636 0.9518583 -0.07100731	-0.3113326 0.9490513 -0.04872064 0.00949537	0.9101132 0.2830227 -0.302642 -0.1459725	0 0 0 1	
0.2709594 0.1363235 0.9528887 -0.07646027	-0.3171182 0.9473011 -0.04534973 0.01572424	0.9088548 0.2898904 -0.2999108 -0.1428241	0 0 0 1	
0.269732 0.135197 0.9533974 -0.08234659	-0.3235413 0.9452588 -0.04250763 0.02187715	0.9069542 0.2969977 -0.2987083 -0.1394424	0 0 0 1	
0.2698394 0.1359278 0.953263 -0.08855782	-0.3297203 0.9431812 -0.04115655 0.02776072	0.9046941 0.3032045 -0.2993256 -0.135903	0 0 0 1	
0.2691651 0.1377725 0.9531888 -0.09529822	-0.3351266 0.9412625 -0.04141438 0.03169275	0.9029065 0.3082916 -0.2995262 -0.135221	0 0 0 1	
0.2662725 0.1385335 0.9538908 -0.1013824	-0.338299 0.9400967 -0.04209617 0.03653758	0.9025813 0.3114912 -0.2971876 -0.1321454	0 0 0 1	
0.2619135 0.1381478 0.9551526 -0.1075033	-0.3411282 0.9390655 -0.04227985 0.04099158	0.9027917 0.3147559 -0.29308 -0.1292387	0 0 0 1	
0.2556558 0.1362382 0.9571203 -0.1135994	-0.343876 0.9380897 -0.04167686 0.04507806	0.9035428 0.3184758 -0.2866771 -0.126513	0 0 0 1	
0.2455474 0.1341553 0.9600568 -0.1193035	-0.3467002 0.9370234 -0.04226339 0.04902608	0.9052656 0.3224741 -0.2765952 -0.1241902	0 0 0 1	
0.2345119 0.1323959 0.9630553 -0.1266688	-0.3507102 0.9354869 -0.0432051 0.05410989	0.9066457 0.3276212 -0.2658154 -0.1215977	0 0 0 1	
0.2281125 0.1317721 0.9646765 -0.1332976	-0.3557412 0.9335761 -0.0434034 0.05819701	0.9063183 0.3332743 -0.2598372 -0.1188996	0 0 0 1	
0.226588 0.1319851 0.9650066 -0.1407719	-0.3583421 0.9325806 -0.04340975 0.06171932	0.9056759 0.3359663 -0.2586073 -0.1160987	0 0 0 1	
0.2251803 0.1335141 0.9651258 -0.1483117	-0.3561685 0.9332883 -0.04600954 0.06462306	0.9068836 0.333387 -0.2577117 -0.1139519	0 0 0 1	
0.2212469 0.1350149 0.9658265 -0.1556216	-0.3497781 0.9354627 -0.05064473 0.06707887	0.9103324 0.32662 -0.2541934 -0.1126512	0 0 0 1	
0.2118353 0.1346846 0.9679804 -0.1624351	-0.3422266 0.9379701 -0.05561523 0.06946242	0.9154272 0.3194873 -0.2447878 -0.112224	0 0 0 1	
0.1973999 0.1318195 0.9714202 -0.1706277	-0.3359954 0.9399964 -0.0592785 0.07228696	0.9209455 0.3146911 -0.2298459 -0.1129849	0 0 0 1	
0.1798124 0.1271794 0.975445 -0.1770792	-0.3324036 0.9411345 -0.06143102 0.07512976	0.9258376 0.3131954 -0.2115025 -0.1133885	0 0 0 1	
0.1602327 0.1197785 0.979785 -0.1836612	-0.3317481 0.9414046 -0.06083287 0.07809153	0.9296606 0.3152944 -0.19058 -0.1139508	0 0 0 1	
0.1421974 0.1104863 0.9836527 -0.1907142	-0.3337436 0.9409122 -0.05743948 0.08106477	0.9318771 0.3201201 -0.1706694 -0.1141932	0 0 0 1	
0.1237525 0.1033089 0.9869208 -0.1972701	-0.3352583 0.9404363 -0.05640413 0.08419126	0.9339631 0.3238932 -0.1510165 -0.1147382	0 0 0 1	
0.1038994 0.1034492 0.9891932 -0.2024236	-0.333837 0.9405035 -0.06329291 0.08806692	0.9368873 0.3236532 -0.1322529 -0.1158342	0 0 0 1	
0.08849549 0.1102576 0.9899554 -0.2067423	-0.3307894 0.9407035 -0.07520168 0.09104671	0.9395461 0.3208118 -0.11972 -0.1171124	0 0 0 1	
0.07730699 0.1179671 0.9900037 -0.2115709	-0.3270059 0.9410462 -0.08659833 0.0955386	0.941855 0.3170424 -0.1113253 -0.1170641	0 0 0 1	
0.06845772 0.1242181 0.9898906 -0.2166325	-0.3230307 0.9415263 -0.09580921 0.09977676	0.9439093 0.3132061 -0.104581 -0.1167798	0 0 0 1	
0.05717552 0.1273179 0.9902127 -0.2214564	-0.3192649 0.9420847 -0.1026952 0.1037229	0.9459392 0.3102685 -0.09451228 -0.1172028	0 0 0 1	
0.04321116 0.1267021 0.9909992 -0.2261245	-0.3178146 0.9421417 -0.1065977 0.1073993	0.9471678 0.3103478 -0.08097881 -0.1181448	0 0 0 1	
0.02959794 0.1233792 0.9919181 -0.2309723	-0.3188106 0.9416889 -0.1076185 0.1107641	0.9473561 0.3130488 -0.06720668 -0.1189011	0 0 0 1	
0.01638025 0.1196506 0.9926811 -0.2354917	-0.3206868 0.9409932 -0.1081288 0.1143944	0.9470438 0.3165685 -0.05378407 -0.1200954	0 0 0 1	
0.004448593 0.1173823 0.9930768 -0.2397071	-0.3227981 0.9400921 -0.1096734 0.1179064	0.9464574 0.3200754 -0.04207283 -0.1205749	0 0 0 1	
-0.008466959 0.1168595 0.9931124 -0.2430382	-0.324204 0.9391805 -0.1132774 0.1215913	0.9459493 0.3229301 -0.02993429 -0.121417	0 0 0 1	
-0.02291107 0.1175774 0.9927996 -0.2454443	-0.3261731 0.9378412 -0.1185958 0.1255195	0.9450325 0.3265416 -0.01686364 -0.1224958	0 0 0 1	
-0.03535938 0.1178304 0.992404 -0.247782	-0.3284808 0.9364814 -0.1228944 0.1291084	0.9438486 0.3303311 -0.005591691 -0.1231356	0 0 0 1	
-0.04441905 0.1179412 0.9920267 -0.2503299	-0.3315579 0.9349824 -0.1260051 0.1324476	0.9423887 0.3345113 0.002426744 -0.1229514	0 0 0 1	
-0.05281401 0.1174995 0.9916675 -0.2516526	-0.3358436 0.9331185 -0.1284486 0.1358554	0.9404359 0.339829 0.009820342 -0.1230716	0 0 0 1	
-0.06085849 0.1160119 0.9913816 -0.2540073	-0.3416758 0.9307978 -0.129897 0.1389247	0.9378455 0.3466364 0.01700854 -0.122377	0 0 0 1	
-0.06790686 0.116161 0.9909064 -0.2559524	-0.3473697 0.9283018 -0.1326272 0.1422241	0.9352663 0.3532171 0.0226872 -0.1212812	0 0 0 1	
-0.07297814 0.1155839 0.9906132 -0.2581507	-0.351497 0.9265489 -0.1340036 0.1448623	0.9333403 0.3579769 0.02699041 -0.1201509	0 0 0 1	
-0.07758021 0.1152948 0.9902971 -0.2602401	-0.3549018 0.9250323 -0.1354995 0.1473636	0.9316791 0.3619703 0.03084588 -0.1191105	0 0 0 1	
-0.08108962 0.1157928 0.9899578 -0.262244	-0.356077 0.9243175 -0.137282 0.149693	0.9309316 0.3636334 0.03372145 -0.1182287	0 0 0 1	
-0.07917893 0.1156934 0.9901242 -0.2668779	-0.3571617 0.9240103 -0.1365299 0.1521311	0.9306806 0.3644447 0.03184092 -0.1158709	0 0 0 1	
-0.06931281 0.1181249 0.9905767 -0.2707169	-0.3606777 0.9228272 -0.1352832 0.1537841	0.9301115 0.3666558 0.02135873 -0.1113301	0 0 0 1	
-0.06460381 0.1209213 0.9905576 -0.2733193	-0.3620511 0.9221566 -0.1361842 0.1555614	0.9299168 0.3674305 0.01579511 -0.1082834	0 0 0 1	
-0.06493878 0.1215127 0.9904633 -0.2752694	-0.3610891 0.9224365 -0.1368415 0.1569399	0.9302675 0.3665318 0.01602507 -0.1070338	0 0 0 1	
-0.06446242 0.119896 0.9906916 -0.2777229	-0.3606511 0.9228567 -0.1351533 0.1577634	0.9304706 0.3660062 0.01624894 -0.1056741	0 0 0 1	
-0.06587362 0.1157109 0.9910962 -0.2802891	-0.3606066 0.923363 -0.1317709 0.1581183	0.9303889 0.3660761 0.01909912 -0.1049034	0 0 0 1	
-0.07009327 0.1101143 0.9914445 -0.2825787	-0.3611747 0.9236548 -0.1281197 0.1583562	0.9298602 0.3670649 0.02497149 -0.1048007	0 0 0 1	
-0.07386696 0.1056521 0.9916559 -0.2870281	-0.363359 0.9231683 -0.1254214 0.1597199	0.9287164 0.3695916 0.02980208 -0.1054825	0 0 0 1	
-0.07835448 0.1045135 0.9914322 -0.2883081	-0.3654239 0.9222602 -0.1261016 0.161163	0.9275377 0.3721735 0.03407145 -0.1046723	0 0 0 1	
-0.08309567 0.1059431 0.9908941 -0.2889461	-0.3666661 0.9213302 -0.1292539 0.163214	0.9266343 0.3740678 0.03771269 -0.1038095	0 0 0 1	
-0.08766949 0.1097304 0.9900876 -0.2891132	-0.3665415 0.9206303 -0.1344887 0.1657922	0.9262621 0.3746987 0.04049039 -0.1029318	0 0 0 1	
-0.0921762 0.1152957 0.9890453 -0.2889168	-0.3644014 0.9204654 -0.1412623 0.1687589	0.9266689 0.3734305 0.04283106 -0.1022776	0 0 0 1	
-0.09860146 0.1207165 0.9877781 -0.2905406	-0.3608488 0.920719 -0.1485416 0.1717516	0.9273975 0.3710849 0.04722381 -0.1021555	0 0 0 1	
-0.1059417 0.1262019 0.9863314 -0.2898141	-0.3575594 0.9207326 -0.1562138 0.1752309	0.927862 0.3692216 0.05241919 -0.1024488	0 0 0 1	
-0.1120256 0.1302371 0.9851338 -0.2896353	-0.355664 0.920444 -0.1621296 0.1785648	0.9278758 0.3685392 0.05679262 -0.1022703	0 0 0 1	
-0.117736 0.1319126 0.9842447 -0.2900964	-0.3542138 0.9203634 -0.1657223 0.1815529	0.9277236 0.3681445 0.06163466 -0.1021944	0 0 0 1	
-0.1237077 0.1313849 0.9835825 -0.2910695	-0.3511506 0.9212648 -0.1672257 0.1841437	0.9281108 0.3660727 0.06783164 -0.1028475	0 0 0 1	
-0.1288748 0.129629 0.983152 -0.2925082	-0.3446378 0.9237663 -0.1669751 0.1863508	0.9298475 0.3603502 0.07437503 -0.1043466	0 0 0 1	
-0.1325591 0.1284919 0.9828114 -0.2954162	-0.3343819 0.9276351 -0.1663788 0.1881541	0.9330687 0.3506893 0.080001 -0.1071042	0 0 0 1	
-0.1365421 0.1317419 0.9818352 -0.2961117	-0.3215665 0.9315535 -0.1697148 0.191444	0.9369906 0.3388985 0.08483255 -0.1095074	0 0 0 1	
-0.142789 0.1374539 0.9801622 -0.2958107	-0.3071161 0.9352749 -0.1758994 0.1956749	0.9408992 0.32614 0.09133267 -0.1127752	0 0 0 1	
-0.1486337 0.1420005 0.978644 -0.295806	-0.2924277 0.9390656 -0.1806708 0.1996302	0.9446662 0.3130364 0.09805191 -0.1162787	0 0 0 1	
-0.1528846 0.1411992 0.9781048 -0.2973594	-0.2803805 0.9428727 -0.1799385 0.2023779	0.9476355 0.3017513 0.1045612 -0.1193687	0 0 0 1	
-0.1605045 0.1325975 0.978088 -0.3002094	-0.2719257 0.9466477 -0.1729582 0.2037672	0.9488386 0.2937278 0.1158845 -0.1232141	0 0 0 1	
-0.1709017 0.1187938 0.9781008 -0.3034491	-0.2686328 0.9494786 -0.1622552 0.2046067	0.9479607 0.2904795 0.1303556 -0.1276755	0 0 0 1	
-0.1829804 0.1037996 0.9776217 -0.3070121	-0.2704708 0.9507223 -0.1515672 0.2057651	0.9451794 0.2921519 0.1458888 -0.1304649	0 0 0 1	
-0.1978648 0.08822792 0.9762506 -0.3100258	-0.2756799 0.9507337 -0.1417962 0.2074	0.9406646 0.2971891 0.163794 -0.1330438	0 0 0 1	
-0.2119293 0.07162105 0.9746572 -0.3133408	-0.2835078 0.9499182 -0.131449 0.2089731	0.9352592 0.3041807 0.1810104 -0.1347591	0 0 0 1	
-0.2213916 0.05462348 0.973654 -0.3176591	-0.2940707 0.9482127 -0.1200626 0.2102307	0.9297894 0.3129039 0.1938632 -0.1345376	0 0 0 1	
-0.2263989 0.04009062 0.9732093 -0.3223498	-0.3049499 0.9460049 -0.1099108 0.2116423	0.9250671 0.3216638 0.2019489 -0.1326694	0 0 0 1	
-0.2262684 0.02961317 0.9736149 -0.3276246	-0.3129932 0.9443203 -0.1014618 0.2127607	0.9224089 0.3276924 0.2044011 -0.1302467	0 0 0 1	
-0.2217537 0.02217972 0.9748505 -0.3327247	-0.3185519 0.9432408 -0.09392298 0.2140791	0.921602 0.3313682 0.2021017 -0.1261941	0 0 0 1	
-0.2153709 0.01738085 0.9763776 -0.3374682	-0.3214448 0.9428594 -0.08768898 0.2153733	0.9221109 0.3327372 0.1974776 -0.1219163	0 0 0 1	
-0.2089361 0.01433718 0.9778242 -0.3416646	-0.32395 0.942423 -0.08303797 0.2168781	0.9227146 0.3341158 0.1922617 -0.1173893	0 0 0 1	
-0.2022806 0.01382707 0.97923 -0.3452314	-0.3273101 0.9414469 -0.08090636 0.2191401	0.9230117 0.3368776 0.1859107 -0.112092	0 0 0 1	
-0.1983627 0.01647551 0.9799902 -0.3474959	-0.3304242 0.9402034 -0.08268878 0.2227366	0.9227524 0.3402149 0.1810573 -0.1071689	0 0 0 1	
-0.2008429 0.0194629 0.9794303 -0.3480829	-0.3337077 0.9386457 -0.08708277 0.2265525	0.9210329 0.3443334 0.1820253 -0.1044901	0 0 0 1	
-0.2073776 0.02392629 0.9779683 -0.3480725	-0.3355618 0.9373078 -0.0940872 0.2321613	0.9189084 0.3476804 0.1863478 -0.1030838	0 0 0 1	
-0.2201543 0.02995592 0.9750049 -0.3463696	-0.3351113 0.9363725 -0.1044365 0.2388383	0.9160962 0.3497274 0.1961079 -0.1041649	0 0 0 1	
-0.2354243 0.03783192 0.9711562 -0.3435794	-0.3320362 0.9359882 -0.1169529 0.2461224	0.9134154 0.3499925 0.2077928 -0.1066315	0 0 0 1	
-0.2463331 0.04510184 0.9681353 -0.3419183	-0.3279763 0.9361022 -0.1270601 0.2524501	0.9120042 0.3488245 0.2158006 -0.1083417	0 0 0 1	
-0.2520083 0.05005702 0.9664295 -0.3421473	-0.3249932 0.9362831 -0.1332415 0.2574032	0.9115214 0.347661 0.2196829 -0.1085588	0 0 0 1	
-0.2538327 0.05313168 0.9657879 -0.3420022	-0.3243492 0.936002 -0.1367399 0.2601002	0.9112446 0.3479616 0.2203547 -0.1057053	0 0 0 1	
-0.2536806 0.0529466 0.9658379 -0.3451235	-0.3273031 0.9349031 -0.1372181 0.2635964	0.9102301 0.3509313 0.2198372 -0.1028391	0 0 0 1	
-0.2564179 0.04786344 0.9653803 -0.3490589	-0.333811 0.9329346 -0.1349194 0.2664355	0.9070943 0.3568504 0.2232437 -0.1004594	0 0 0 1	
-0.2588587 0.04454502 0.9648874 -0.3527337	-0.3400188 0.9307954 -0.1341909 0.2700338	0.9040903 0.3628164 0.2257984 -0.09783884	0 0 0 1	
-0.2602842 0.04503538 0.9644815 -0.3557125	-0.3420949 0.9298099 -0.1357374 0.2745718	0.9028975 0.3652744 0.2266084 -0.09573966	0 0 0 1	
-0.2602175 0.05016388 0.964246 -0.3576928	-0.3391749 0.9302584 -0.1399276 0.2802424	0.9040173 0.3634596 0.2250552 -0.09420434	0 0 0 1	
-0.2580166 0.05773914 0.9644138 -0.3560786	-0.3320425 0.9321091 -0.1446388 0.2846602	0.9072902 0.3575456 0.2213278 -0.09222856	0 0 0 1	
-0.2591376 0.0636449 0.9637412 -0.3575395	-0.3227527 0.9347588 -0.148515 0.2907414	0.9103178 0.3495359 0.2216896 -0.09342249	0 0 0 1	
-0.2611746 0.06430934 0.9631471 -0.3605034	-0.3108952 0.9390072 -0.1470023 0.2953438	0.9138557 0.337831 0.2252513 -0.09707575	0 0 0 1	
-0.2647871 0.05914599 0.9624913 -0.3652722	-0.2977197 0.9443417 -0.1399351 0.2981519	0.9171973 0.3236056 0.2324406 -0.1030627	0 0 0 1	
-0.2694722 0.05064263 0.9616756 -0.3711818	-0.284796 0.9497571 -0.129818 0.3000312	0.9199326 0.3088637 0.2415103 -0.1101841	0 0 0 1	
-0.2738822 0.04108825 0.9608851 -0.3776945	-0.2730398 0.9546582 -0.1186468 0.3015947	0.9221918 0.2948552 0.2502452 -0.1172156	0 0 0 1	
-0.2759844 0.03301916 0.9605948 -0.3818966	-0.2611854 0.9592265 -0.1080122 0.3021467	0.9249945 0.280703 0.2561074 -0.1238654	0 0 0 1	
-0.2761055 0.02634905 0.9607662 -0.3883419	-0.2480385 0.9638095 -0.09771395 0.3036684	0.9285704 0.2652863 0.2595775 -0.129701	0 0 0 1	
-0.2746655 0.02145912 0.9613006 -0.3944654	-0.2347923 0.9679907 -0.08869392 0.3055388	0.9324334 0.2500671 0.2608352 -0.1345196	0 0 0 1	
-0.271451 0.01692182 0.9623036 -0.4007958	-0.2249371 0.97104 -0.08052672 0.3078337	0.935798 0.2383168 0.2597835 -0.1369513	0 0 0 1	
-0.2671518 0.01177805 0.9635825 -0.4074572	-0.2196244 0.9728658 -0.07278204 0.3105436	0.9382937 0.2310701 0.2573161 -0.1367736	0 0 0 1	
-0.2639573 0.01061188 0.9644761 -0.4125778	-0.2179426 0.9734223 -0.0703567 0.3156519	0.9395891 0.2287716 0.2546291 -0.1342226	0 0 0 1	
-0.2616844 0.01064918 0.9650948 -0.4162816	-0.2180305 0.9734384 -0.06985996 0.3215437	0.9402043 0.2287014 0.2524117 -0.1318837	0 0 0 1	
-0.2606013 0.01060212 0.9653882 -0.4204779	-0.2160669 0.9739358 -0.0690221 0.3274153	0.940958 0.2265757 0.2515182 -0.1295511	0 0 0 1	
-0.2582614 0.01006539 0.9660228 -0.425098	-0.2127671 0.9748005 -0.06703905 0.3330684	0.9423543 0.2228514 0.2496117 -0.1272833	0 0 0 1	
-0.2561781 0.008726522 0.9665903 -0.4299461	-0.2103597 0.9754901 -0.06455909 0.338798	0.9434627 0.2198703 0.2480636 -0.1247439	0 0 0 1	
-0.2542224 0.004543722 0.9671353 -0.4358107	-0.2100265 0.9758656 -0.05979253 0.3437233	0.9440657 0.2183246 0.2471325 -0.1216986	0 0 0 1	
-0.2504193 -0.0005826652 0.9681373 -0.4424787	-0.2122501 0.9757048 -0.05431356 0.3484555	0.9445847 0.2190884 0.2444589 -0.1168198	0 0 0 1	
-0.24437 -0.005744629 0.9696651 -0.4502541	-0.214328 0.9755701 -0.04823422 0.3528489	0.9456991 0.2196133 0.2396313 -0.112958	0 0 0 1	
-0.2391479 -0.01150919 0.9709152 -0.4575722	-0.2141777 0.975926 -0.04118587 0.356795	0.9470674 0.2177979 0.2358557 -0.1086956	0 0 0 1	
-0.2339969 -0.01636376 0.9720998 -0.4644785	-0.2105127 0.9769918 -0.03422697 0.3606948	0.9491735 0.2126483 0.2320577 -0.1059203	0 0 0 1	
-0.2289997 -0.02009592 0.9732193 -0.4708397	-0.2053071 0.9782939 -0.02810824 0.3649355	0.9515296 0.2062456 0.2281548 -0.103842	0 0 0 1	
-0.2251132 -0.02473749 0.9740188 -0.4772167	-0.196923 0.9802021 -0.02061787 0.3684783	0.9542252 0.1964481 0.2255278 -0.1039762	0 0 0 1	
-0.2222018 -0.0311652 0.9745027 -0.4840103	-0.184291 0.9828147 -0.01059017 0.3707306	0.9574255 0.1819452 0.2241267 -0.1069091	0 0 0 1	
-0.2197564 -0.03835281 0.9748005 -0.4909615	-0.168472 0.9857061 0.0008020252 0.3711632	0.9608976 0.1640503 0.2230766 -0.1112053	0 0 0 1	
-0.217219 -0.04422153 0.9751207 -0.4972872	-0.1534675 0.9880966 0.0106234 0.3733028	0.9639832 0.1473417 0.2214198 -0.1153498	0 0 0 1	
-0.2150952 -0.0468604 0.9754682 -0.5021181	-0.1440724 0.9894416 0.01576307 0.3776705	0.9659075 0.1371474 0.2195754 -0.1166083	0 0 0 1	
-0.2134711 -0.0491141 0.9757141 -0.5065548	-0.1411589 0.9898058 0.01894008 0.3827205	0.9666977 0.1336876 0.2182277 -0.1149691	0 0 0 1	
-0.2118769 -0.05260653 0.9758797 -0.5113167	-0.1435704 0.9893919 0.02216386 0.3872795	0.9666934 0.1354114 0.217182 -0.110917	0 0 0 1	
-0.2122446 -0.05503003 0.9756658 -0.5149838	-0.148118 0.9886894 0.02354325 0.3922553	0.9659261 0.1395167 0.217995 -0.1064354	0 0 0 1	
-0.2157217 -0.05474044 0.9749193 -0.5160663	-0.1531374 0.987969 0.02158826 0.3976787	0.9643719 0.1446396 0.2215092 -0.1029241	0 0 0 1	
-0.2200696 -0.0494035 0.9742326 -0.5149491	-0.1582155 0.9873006 0.01432689 0.4061226	0.9625683 0.1509858 0.2250912 -0.09855704	0 0 0 1	
-0.2251025 -0.03944079 0.9735366 -0.5113631	-0.1624615 0.986712 0.002409995 0.4165284	0.9606952 0.1576197 0.228519 -0.09397179	0 0 0 1	
-0.2304063 -0.02773234 0.9726994 -0.5066543	-0.165895 0.9860801 -0.01118221 0.4273013	0.9588493 0.1639424 0.2317997 -0.0895116	0 0 0 1	
-0.2355282 -0.01672073 0.9717237 -0.5019665	-0.1680023 0.9855002 -0.02376292 0.4370994	0.9572365 0.1688486 0.2349222 -0.08574919	0 0 0 1	
-0.242214 -0.005649537 0.9702064 -0.4966387	-0.1674067 0.9852284 -0.0360564 0.4464265	0.9556713 0.1711525 0.2395818 -0.08411804	0 0 0 1	
-0.2503873 0.002694838 0.9681422 -0.4924493	-0.1646168 0.985316 -0.0453169 0.4548262	0.9540482 0.1707192 0.246267 -0.08544435	0 0 0 1	
-0.2573972 0.004710995 0.9662943 -0.4910248	-0.1608257 0.9858321 -0.04764627 0.4592835	0.9528284 0.167669 0.2529927 -0.08775714	0 0 0 1	
-0.2647244 0.004425921 0.964314 -0.4904882	-0.156654 0.9865091 -0.0475326 0.4625442	0.9515148 0.1636467 0.2604597 -0.09100701	0 0 0 1	
