-1.192093E-07 1 0 0	-1 -1.192093E-07 0 0	0 0 -1 0	0 0 0 1	
0.1267912 -0.07133313 -0.9893612 0	0.4033389 0.9149393 -0.01427755 0	-0.906224 0.3972376 -0.1447777 0	0 0 0 1	
0.1280473 -0.070384 -0.9892673 0	0.4032008 0.9150205 -0.01291263 0	-0.9061087 0.39722 -0.1455448 0	0 0 0 1	
0.1295987 -0.06943166 -0.9891326 0	0.4035554 0.9148849 -0.01134501 0	-0.9057301 0.3976995 -0.1465874 0	0 0 0 1	
0.1271354 -0.06871472 -0.9895024 0	0.4042763 0.9145638 -0.01156759 0	-0.9057579 0.3985617 -0.1440531 0	0 0 0 1	
0.1282348 -0.06861843 -0.9893671 0	0.4048229 0.9143296 -0.01094386 0	-0.9053586 0.3991151 -0.1450272 0	0 0 0 1	
0.1287184 -0.06841935 -0.9893181 0	0.4053551 0.9140993 -0.01047735 0	-0.9050518 0.3996765 -0.1453955 0	0 0 0 1	
0.1293658 -0.06802087 -0.9892612 0	0.4054431 0.9140674 -0.009830728 0	-0.9049202 0.3998173 -0.1458277 0	0 0 0 1	
0.1300376 -0.06755815 -0.9892048 0	0.4050872 0.9142319 -0.009186402 0	-0.9049832 0.3995196 -0.1462515 0	0 0 0 1	
0.1309296 -0.06730761 -0.9891042 0	0.4043095 0.9145807 -0.008717149 0	-0.9052023 0.3987629 -0.1469588 0	0 0 0 1	
0.1321203 -0.06767693 -0.9889207 0	0.4028675 0.9152159 -0.008809596 0	-0.9056722 0.3972401 -0.1481835 0	0 0 0 1	
0.1309165 -0.05541709 -0.9898434 0	0.4038943 0.914803 0.002203092 0	-0.9053897 0.4000804 -0.1421454 0	0 0 0 1	
0.1310235 -0.05325565 -0.9899479 0	0.4030304 0.9151773 0.004109427 0	-0.9057591 0.3995175 -0.1413733 0	0 0 0 1	
0.1307955 -0.05016138 -0.9901395 0	0.4019344 0.9156439 0.0067074 0	-0.9062788 0.3988485 -0.1399237 0	0 0 0 1	
0.1300062 -0.05020469 -0.9902414 0	0.4014814 0.9158456 0.006276608 0	-0.9065932 0.3983795 -0.1392218 0	0 0 0 1	
0.1300088 -0.05099577 -0.9902006 0	0.4003406 0.9163507 0.005370408 0	-0.907097 0.3971157 -0.1395493 0	0 0 0 1	
0.1303815 -0.05120136 -0.990141 0	0.39859 0.9171153 0.005061105 0	-0.9078143 0.3953201 -0.1399832 0	0 0 0 1	
0.1309116 -0.05104686 -0.9900789 0	0.3973482 0.917653 0.005226001 0	-0.9082822 0.3940902 -0.1404148 0	0 0 0 1	
0.1314659 -0.05083983 -0.9900162 0	0.3971222 0.9177486 0.005605802 0	-0.908301 0.3938944 -0.1408422 0	0 0 0 1	
0.1321121 -0.04965548 -0.9899903 0	0.3962759 0.9181061 0.006832242 0	-0.9085768 0.3932119 -0.1409702 0	0 0 0 1	
0.1324487 -0.04884104 -0.9899858 0	0.3955002 0.9184344 0.007602304 0	-0.9088658 0.3925465 -0.1409621 0	0 0 0 1	
0.1326367 -0.04884395 -0.9899605 0	0.3950149 0.9186432 0.007599622 0	-0.9090493 0.3920572 -0.1411399 0	0 0 0 1	
0.1324236 -0.04899012 -0.9899818 0	0.3928884 0.9195591 0.007049039 0	-0.9100016 0.3898858 -0.141019 0	0 0 0 1	
0.1320356 -0.04882748 -0.9900416 0	0.3902485 0.9206856 0.006638035 0	-0.911193 0.3872387 -0.1406181 0	0 0 0 1	
0.1313487 -0.04838564 -0.9901547 0	0.3876958 0.9217653 0.006386012 0	-0.9123812 0.3847176 -0.1398316 0	0 0 0 1	
0.1296338 -0.04646136 -0.9904729 0	0.3819448 0.9241613 0.006638452 0	-0.9150483 0.3791665 -0.1375483 0	0 0 0 1	
0.1276489 -0.04407445 -0.9908397 0	0.3762251 0.9264998 0.007256225 0	-0.917693 0.373705 -0.1348486 0	0 0 0 1	
0.1241806 -0.04033664 -0.9914395 0	0.3689249 0.9294213 0.008395419 0	-0.9211264 0.3668092 -0.1302972 0	0 0 0 1	
0.1168253 -0.03377068 -0.9925783 0	0.3577214 0.9337712 0.01033355 0	-0.926492 0.3562737 -0.1211687 0	0 0 0 1	
0.1090981 -0.02686085 -0.9936681 0	0.3481569 0.9373477 0.01288693 0	-0.9310663 0.3473583 -0.1116147 0	0 0 0 1	
0.09329724 -0.01391794 -0.995541 0	0.3331897 0.9426871 0.01804589 0	-0.9382325 0.3333877 -0.09258741 0	0 0 0 1	
0.07613152 -0.004251689 -0.9970888 0	0.3217997 0.9465851 0.02053431 0	-0.943742 0.3224262 -0.0734331 0	0 0 0 1	
0.05625516 0.003813222 -0.9984092 0	0.3111433 0.9501274 0.02116014 0	-0.9486967 0.3118386 -0.05226314 0	0 0 0 1	
0.03582662 0.009401649 -0.9993139 0	0.3020369 0.9530907 0.01979521 0	-0.952623 0.3025388 -0.03130639 0	0 0 0 1	
0.009729207 0.01299381 -0.9998683 0	0.2934702 0.9558461 0.01527736 0	-0.9559188 0.2935801 -0.00548631 0	0 0 0 1	
-0.00875175 0.01282151 -0.9998796 0	0.2910181 0.9566682 0.009720236 0	-0.9566777 0.2908979 0.0121038 0	0 0 0 1	
-0.02770317 0.01004918 -0.9995657 0	0.2925094 0.9562615 0.001506865 0	-0.9558613 0.2923406 0.02943099 0	0 0 0 1	
-0.055825 0.005998924 -0.9984226 0	0.3024223 0.9531084 -0.0111827 0	-0.951538 0.3025695 0.05502141 0	0 0 0 1	
-0.0777384 0.004222319 -0.9969649 0	0.3149291 0.948893 -0.02053787 0	-0.9459262 0.3155698 0.07509518 0	0 0 0 1	
-0.1018947 0.004134923 -0.9947866 0	0.3309542 0.9431705 -0.02997886 0	-0.9381294 0.3322835 0.09747255 0	0 0 0 1	
-0.1379083 0.007227063 -0.9904188 0	0.3546355 0.9340353 -0.04256463 0	-0.9247785 0.3571076 0.1313742 0	0 0 0 1	
-0.1673628 0.01119924 -0.9858318 -7.019179E-09	0.3715973 0.9269053 -0.05255555 -5.618236E-10	-0.9131841 0.3751282 0.159291 3.04822E-09	0 0 0 1	
-0.1954476 0.01367866 -0.9806188 -0.009841063	0.3893788 0.9187961 -0.06479096 0.003165558	-0.9001025 0.3944954 0.1849027 0.003941986	0 0 0 1	
-0.2258306 0.01841642 -0.9739925 -0.02014238	0.407707 0.9098326 -0.07732794 0.006233679	-0.8847461 0.4145665 0.2129766 0.008610039	0 0 0 1	
-0.2587813 0.0253755 -0.9656025 -0.03084997	0.4238955 0.9012364 -0.08991998 0.0092094	-0.8679544 0.4325842 0.2439797 0.0138093	0 0 0 1	
-0.2938147 0.03408648 -0.9552544 -0.04188407	0.436069 0.8940887 -0.1022211 0.01209222	-0.8505979 0.4465909 0.2775605 0.01933668	0 0 0 1	
-0.3301852 0.0436161 -0.942908 -0.05323027	0.4427223 0.8893964 -0.1138906 0.01489292	-0.8336515 0.4550513 0.3129754 0.02500887	0 0 0 1	
-0.3643558 0.05275427 -0.9297648 -0.06380045	0.4439235 0.8874981 -0.1236083 0.01678607	-0.8186436 0.4577817 0.346784 0.03063321	0 0 0 1	
-0.3995252 0.06155194 -0.9146534 -0.07562727	0.4381683 0.8892143 -0.1315541 0.01967759	-0.8052255 0.4533314 0.3822336 0.03624982	0 0 0 1	
-0.4325067 0.06912275 -0.8989773 -0.08762123	0.4268052 0.893967 -0.1366026 0.02281752	-0.7942137 0.4427697 0.4161487 0.04181633	0 0 0 1	
-0.4628674 0.07498761 -0.8832502 -0.09978322	0.4119856 0.9004559 -0.1394527 0.02616006	-0.7848706 0.4284345 0.4476855 0.04743105	0 0 0 1	
-0.4910536 0.07739167 -0.8676848 -0.1123828	0.3951788 0.9074516 -0.142707 0.02945483	-0.7763377 0.4129674 0.4761908 0.05326015	0 0 0 1	
-0.5170672 0.07669985 -0.8525015 -0.125464	0.3781391 0.9139837 -0.147121 0.03253746	-0.7678883 0.3984355 0.5015942 0.05949287	0 0 0 1	
-0.5386331 0.07465646 -0.8392263 -0.1379849	0.3635604 0.9191568 -0.1515738 0.03536259	-0.7600647 0.3867521 0.5222304 0.0664295	0 0 0 1	
-0.5611461 0.07312007 -0.8244808 -0.1512024	0.3516942 0.9227654 -0.1575284 0.0379681	-0.7492838 0.3783616 0.5435221 0.07428594	0 0 0 1	
-0.5839417 0.07198881 -0.8085973 -0.1641167	0.3432246 0.9245479 -0.1655535 0.04014931	-0.735669 0.3742041 0.5645905 0.08348017	0 0 0 1	
-0.6068355 0.07104278 -0.7916464 -0.1766552	0.3369502 0.9250643 -0.1752729 0.04194116	-0.719872 0.3731071 0.5852998 0.09390564	0 0 0 1	
-0.6285517 0.07059661 -0.7745572 -0.1888046	0.3314421 0.925233 -0.1846349 0.04371256	-0.7036112 0.3727735 0.6049556 0.1050686	0 0 0 1	
-0.648785 0.07077588 -0.7576733 -0.2005386	0.3264529 0.9252778 -0.1931048 0.04563481	-0.6873912 0.3726281 0.6234114 0.1167491	0 0 0 1	
-0.6650139 0.07288197 -0.7432663 -0.2094925	0.3233516 0.9252067 -0.1985862 0.04827034	-0.6732016 0.3723989 0.6388417 0.1295599	0 0 0 1	
-0.6819968 0.07717024 -0.7272725 -0.2195944	0.3217302 0.9246856 -0.2035836 0.05101237	-0.6567878 0.3728288 0.6554606 0.142437	0 0 0 1	
-0.6974616 0.08345161 -0.7117471 -0.2288206	0.3227189 0.9233621 -0.2079782 0.05412334	-0.6398442 0.3747509 0.670941 0.1561363	0 0 0 1	
-0.7113205 0.09037415 -0.6970335 -0.2374358	0.3259873 0.9210073 -0.2132554 0.0572724	-0.6227002 0.378917 0.6845922 0.1706246	0 0 0 1	
-0.7247508 0.09687454 -0.6821674 -0.2455708	0.3316015 0.9169056 -0.2220914 0.05965574	-0.6039681 0.3871685 0.6966518 0.186358	0 0 0 1	
-0.7373942 0.1006802 -0.6679171 -0.2538624	0.3378605 0.9112186 -0.23565 0.0606107	-0.5848932 0.3994297 0.7059432 0.2029299	0 0 0 1	
-0.747241 0.1011325 -0.6568128 -0.2619573	0.3447151 0.9039745 -0.2529854 0.05937866	-0.568157 0.4154544 0.7103487 0.2210921	0 0 0 1	
-0.7589025 0.1000321 -0.6434753 -0.2704954	0.3503662 0.8956435 -0.2739821 0.05684351	-0.5489174 0.4333778 0.7147541 0.2388707	0 0 0 1	
-0.7693245 0.09822977 -0.631261 -0.278946	0.3562906 0.8861429 -0.2963237 0.05293692	-0.5302796 0.4528815 0.7167299 0.2567191	0 0 0 1	
-0.7785027 0.09454983 -0.6204789 -0.2876462	0.3604593 0.8766499 -0.3186755 0.04798903	-0.5138121 0.471747 0.7165557 0.2739536	0 0 0 1	
-0.7868025 0.08781756 -0.6109254 -0.2968359	0.36058 0.8687441 -0.3395082 0.0426822	-0.500923 0.4874134 0.7151953 0.2900665	0 0 0 1	
-0.7938731 0.07946338 -0.6028693 -0.3062704	0.3580813 0.8623886 -0.3578599 0.03756555	-0.4914708 0.4999715 0.7130814 0.3049495	0 0 0 1	
-0.7982913 0.07582019 -0.59748 -0.3059035	0.3592481 0.8561814 -0.371341 0.03088714	-0.4833961 0.5110818 0.7107205 0.3205101	0 0 0 1	
-0.8029475 0.06705664 -0.5922657 -0.3145527	0.3553567 0.8516045 -0.3853457 0.02549859	-0.4785362 0.519878 0.7076228 0.3329606	0 0 0 1	
-0.8054782 0.06001386 -0.5895787 -0.3229136	0.3528956 0.8478138 -0.3958237 0.02062335	-0.4760981 0.5268872 0.7040743 0.3440227	0 0 0 1	
-0.8061051 0.05610435 -0.5891072 -0.3304997	0.3530501 0.8445205 -0.4026671 0.01662298	-0.4749218 0.5325762 0.70058 0.3540867	0 0 0 1	
-0.8045352 0.05461718 -0.5913885 -0.3376653	0.3559079 0.8414949 -0.4064676 0.01333499	-0.4754503 0.5374973 0.6964509 0.362837	0 0 0 1	
-0.800225 0.05166969 -0.5974698 -0.3458512	0.3599588 0.838236 -0.4096218 0.009345107	-0.4796557 0.5428541 0.6893764 0.3692494	0 0 0 1	
-0.7920687 0.04635496 -0.6086699 -0.3469114	0.3662446 0.8337957 -0.4130978 0.001800168	-0.4883572 0.5501237 0.6774007 0.3755141	0 0 0 1	
-0.7818995 0.03597635 -0.6223655 -0.3582785	0.3700278 0.830232 -0.4168865 -0.005113542	-0.5017098 0.5562558 0.6624702 0.3759807	0 0 0 1	
-0.768851 0.0228702 -0.6390189 -0.3707521	0.3732778 0.827454 -0.419504 -0.0124894	-0.5191646 0.5610676 0.6447258 0.3733562	0 0 0 1	
-0.7533063 0.00720346 -0.6576306 -0.3838388	0.3746043 0.8265772 -0.4200497 -0.01969549	-0.5405567 0.5627773 0.6253642 0.3677721	0 0 0 1	
-0.7342921 -0.01094839 -0.6787454 -0.3976745	0.3731844 0.8287144 -0.4170922 -0.02572204	-0.5670526 0.5595647 0.6044327 0.3588555	0 0 0 1	
-0.7104297 -0.0307588 -0.7030957 -0.4122737	0.3693695 0.8340878 -0.4097118 -0.02984134	-0.5990458 0.5507736 0.5811994 0.3463533	0 0 0 1	
-0.6813986 -0.0502952 -0.7301825 -0.4245205	0.3648902 0.8414717 -0.3984726 -0.0319481	-0.6344692 0.5379551 0.5550255 0.331174	0 0 0 1	
-0.6480844 -0.07035851 -0.7583115 -0.4387406	0.3588902 0.8500111 -0.3855891 -0.03418656	-0.6717026 0.5220448 0.525628 0.3130972	0 0 0 1	
-0.6110725 -0.08918488 -0.7865344 -0.4519114	0.3526906 0.8588782 -0.3713995 -0.03631225	-0.7086605 0.5043553 0.4933822 0.2932735	0 0 0 1	
-0.5299506 -0.1228661 -0.8390809 -0.4738211	0.3399941 0.8756621 -0.3429576 -0.04165415	-0.7768892 0.467033 0.422284 0.2511039	0 0 0 1	
-0.4879415 -0.1398629 -0.8615984 -0.4824873	0.3347503 0.8816234 -0.3326897 -0.04692519	-0.8061363 0.4507533 0.3833615 0.229637	0 0 0 1	
-0.4458953 -0.1568184 -0.8812407 -0.4921548	0.3320427 0.8853047 -0.3255506 -0.05561295	-0.831219 0.437771 0.3426828 0.2095283	0 0 0 1	
-0.3667977 -0.1846668 -0.9117882 -0.50141	0.3326793 0.8892525 -0.313934 -0.07149345	-0.8687831 0.4184833 0.2647409 0.1714696	0 0 0 1	
-0.29489 -0.2026905 -0.9337861 -0.5053577	0.3378173 0.8920175 -0.3003069 -0.08516508	-0.8938228 0.4040066 0.1945748 0.1396555	0 0 0 1	
-0.2576916 -0.2122133 -0.9426349 -0.5065758	0.3409759 0.8928445 -0.2942179 -0.09194377	-0.9040633 0.3972333 0.1577189 0.1233206	0 0 0 1	
-0.2203759 -0.2216899 -0.9498886 -0.5072012	0.3439862 0.893601 -0.2883587 -0.09856403	-0.9127476 0.3902958 0.1206698 0.1070349	0 0 0 1	
-0.1853987 -0.2284328 -0.9557436 -0.5092044	0.3458847 0.8951933 -0.2810566 -0.1047203	-0.9197778 0.3826845 0.08695626 0.0922672	0 0 0 1	
-0.1526141 -0.2311094 -0.9608838 -0.5082637	0.3466973 0.8979632 -0.2710407 -0.1082512	-0.9254784 0.3745004 0.05691683 0.07957833	0 0 0 1	
-0.08546495 -0.2336613 -0.9685547 -0.5053626	0.3464649 0.9044742 -0.248774 -0.1129045	-0.9341616 0.3568316 -0.00365454 0.05433083	0 0 0 1	
-0.05273521 -0.2352079 -0.9705136 -0.5034515	0.3443482 0.9079741 -0.2387622 -0.1150185	-0.9373599 0.3467857 -0.03311121 0.04224796	0 0 0 1	
-0.02387476 -0.23619 -0.9714136 -0.5022601	0.3411162 0.9114507 -0.2299943 -0.1175951	-0.939718 0.3368559 -0.05880755 0.03234012	0 0 0 1	
0.02475268 -0.2330174 -0.9721575 -0.4972057	0.3382144 0.9170635 -0.2112004 -0.1203967	-0.9407434 0.3235699 -0.1015096 0.01701698	0 0 0 1	
0.04751182 -0.2294526 -0.9721596 -0.4946884	0.3388299 0.9192559 -0.2004067 -0.120612	-0.9396473 0.319875 -0.1214209 0.01025778	0 0 0 1	
0.06919014 -0.225776 -0.9717191 -0.4922685	0.3395964 0.9212099 -0.1898598 -0.120477	-0.9380231 0.3168558 -0.1404113 0.003906563	0 0 0 1	
0.08879399 -0.2217051 -0.9710626 -0.4914626	0.340637 0.9228895 -0.1795588 -0.1204463	-0.9359927 0.3148361 -0.157468 -0.0005394965	0 0 0 1	
0.1073766 -0.2166647 -0.970323 -0.4894276	0.3418291 0.9245129 -0.1686087 -0.1191876	-0.9336076 0.31358 -0.1733333 -0.005497962	0 0 0 1	
0.1273771 -0.2106545 -0.9692264 -0.4876283	0.3437755 0.9259903 -0.156078 -0.1167149	-0.9303728 0.3133155 -0.1903678 -0.01111567	0 0 0 1	
0.14808 -0.2038869 -0.9677306 -0.486113	0.344691 0.9278018 -0.1427307 -0.1131911	-0.926963 0.3124324 -0.2076669 -0.01700009	0 0 0 1	
0.1673594 -0.1976774 -0.965875 -0.4848955	0.3437587 0.9299105 -0.130753 -0.1095767	-0.9240243 0.3101452 -0.2235826 -0.02235716	0 0 0 1	
0.183017 -0.1937782 -0.963823 -0.4839574	0.3412993 0.9319304 -0.122558 -0.1070971	-0.9219651 0.306522 -0.2366955 -0.02648719	0 0 0 1	
0.1948965 -0.1926997 -0.961708 -0.4828495	0.3388068 0.9333811 -0.1183623 -0.1078475	-0.9204485 0.3027648 -0.2472006 -0.0281716	0 0 0 1	
0.2042401 -0.1947356 -0.9593561 -0.4824499	0.336617 0.9342226 -0.1179706 -0.1084158	-0.9192252 0.2988412 -0.256357 -0.03058145	0 0 0 1	
0.210686 -0.1986813 -0.9571505 -0.4823859	0.3355988 0.9343213 -0.1200712 -0.1099774	-0.918142 0.2959213 -0.2635257 -0.03218074	0 0 0 1	
0.2128706 -0.2048745 -0.9553599 -0.4827009	0.3364452 0.9333449 -0.1251877 -0.1128831	-0.9173281 0.2947774 -0.2676107 -0.03242884	0 0 0 1	
0.209705 -0.2125741 -0.9543774 -0.4834296	0.3394849 0.9311876 -0.132814 -0.1169761	-0.9169372 0.296145 -0.2674404 -0.03073954	0 0 0 1	
0.2001097 -0.2200292 -0.9547477 -0.4845943	0.3440036 0.928198 -0.1418094 -0.1216583	-0.9173972 0.3000593 -0.2614323 -0.0263464	0 0 0 1	
0.1829923 -0.2236044 -0.9573479 -0.4825646	0.3503756 0.9246812 -0.149002 -0.1315604	-0.9185591 0.3081651 -0.247555 -0.01146844	0 0 0 1	
0.1608267 -0.2270764 -0.9605057 -0.4839723	0.3554284 0.921206 -0.1582726 -0.1360909	-0.9207636 0.3159365 -0.228864 -0.001125477	0 0 0 1	
0.133732 -0.2279165 -0.9644532 -0.485491	0.3605186 0.9177025 -0.1668786 -0.1399219	-0.9231155 0.3253863 -0.2048942 0.01148865	0 0 0 1	
0.1015896 -0.2255986 -0.9689091 -0.4870381	0.3651245 0.9144331 -0.1746315 -0.1428319	-0.9253992 0.3360317 -0.1752684 0.02653514	0 0 0 1	
0.06362283 -0.2192979 -0.9735814 -0.4884799	0.3680736 0.9119378 -0.1813594 -0.1445589	-0.9276174 0.3468109 -0.1387378 0.04460803	0 0 0 1	
0.01938093 -0.2092471 -0.9776709 -0.4894438	0.3687964 0.910395 -0.1875374 -0.1452006	-0.9293083 0.3569267 -0.09481388 0.06593953	0 0 0 1	
-0.03176713 -0.1943011 -0.9804274 -0.4894648	0.3663127 0.9104056 -0.1922932 -0.1441836	-0.9299494 0.3652516 -0.04225397 0.09113361	0 0 0 1	
-0.08968782 -0.1732828 -0.9807799 -0.4856269	0.3599006 0.912568 -0.1941425 -0.1411214	-0.9286699 0.3703954 0.01948166 0.1213259	0 0 0 1	
-0.1528641 -0.1495307 -0.9768692 -0.4818761	0.3497899 0.9163095 -0.1949972 -0.135836	-0.9242726 0.371507 0.08776653 0.1533831	0 0 0 1	
-0.2207438 -0.1246743 -0.9673309 -0.4754671	0.3368613 0.9210181 -0.1955766 -0.1293073	-0.9153126 0.3690285 0.161311 0.1877286	0 0 0 1	
-0.2913383 -0.1008639 -0.9512879 -0.4662631	0.3224781 0.9258654 -0.1969295 -0.1222063	-0.9006276 0.3641425 0.2372137 0.2231146	0 0 0 1	
-0.3620362 -0.07702713 -0.9289762 -0.4544984	0.3084455 0.9305425 -0.1973629 -0.1138213	-0.8796541 0.357991 0.3131313 0.2585976	0 0 0 1	
-0.4289428 -0.05315369 -0.9017667 -0.4411145	0.2961957 0.9348022 -0.1959921 -0.1037085	-0.8533912 0.3511688 0.3852328 0.2925458	0 0 0 1	
-0.4902685 -0.03015901 -0.8710496 -0.4247939	0.285766 0.9385932 -0.1933404 -0.09209749	-0.8233922 0.3437051 0.4515442 0.3238946	0 0 0 1	
-0.5457759 -0.009219542 -0.8378805 -0.410191	0.2766246 0.9418966 -0.1905509 -0.07950534	-0.7909535 0.3357764 0.5115141 0.3529961	0 0 0 1	
-0.5969222 0.009778395 -0.8022395 -0.3949191	0.267862 0.9449788 -0.1877898 -0.06601623	-0.756263 0.3269854 0.5666981 0.3804218	0 0 0 1	
-0.6830355 0.03452723 -0.7295687 -0.3663743	0.2439992 0.9522815 -0.1833692 -0.03591871	-0.6884236 0.3032618 0.6588668 0.4276204	0 0 0 1	
-0.7139053 0.04061624 -0.6990632 -0.3568849	0.2280589 0.9573725 -0.1772766 -0.01671336	-0.6620637 0.2859863 0.6927363 0.4452742	0 0 0 1	
-0.7391057 0.04276443 -0.6722305 -0.3503243	0.2083462 0.9635576 -0.1677755 0.005859239	-0.6405581 0.2640605 0.7210807 0.4597169	0 0 0 1	
-0.786834 0.03366229 -0.616246 -0.3365721	0.1540432 0.9776199 -0.1432829 0.05866479	-0.5976312 0.2076684 0.77441 0.4828993	0 0 0 1	
-0.8247144 0.01198256 -0.5654231 -0.3312107	0.09113516 0.9895251 -0.1119576 0.1196986	-0.5581588 0.1438629 0.8171676 0.4975036	0 0 0 1	
-0.8339337 0.001328737 -0.5518632 -0.3356508	0.0612504 0.9940417 -0.09016355 0.1546759	-0.5484552 0.1089923 0.8290462 0.4976521	0 0 0 1	
-0.8456315 -0.009550605 -0.533682 -0.336067	0.03539829 0.9966354 -0.07392487 0.186928	-0.5325924 0.08140461 0.8424481 0.498369	0 0 0 1	
-0.8681018 -0.03015461 -0.4954699 -0.340052	0.001479805 0.9979914 -0.06333113 0.2403013	-0.4963845 0.05571105 0.8663136 0.5076426	0 0 0 1	
-0.8838387 -0.02865247 -0.4669137 -0.3414638	0.0008316124 0.9980246 -0.06281864 0.2895589	-0.4677913 0.05590983 0.882069 0.5206786	0 0 0 1	
-0.8951843 -0.01660574 -0.4453871 -0.3392026	0.01251912 0.9979745 -0.06237051 0.3415248	-0.4455207 0.06140895 0.8931633 0.53158	0 0 0 1	
-0.9034889 0.0004007062 -0.4286116 -0.3364427	0.0268594 0.998087 -0.05568498 0.3989223	-0.4277694 0.061823 0.9017714 0.5388715	0 0 0 1	
-0.9093978 0.03465012 -0.4144816 -0.3223506	0.06056292 0.9969344 -0.04953633 0.4570591	-0.4114946 0.07015044 0.9087086 0.5491416	0 0 0 1	
-0.9161009 0.06240343 -0.3960618 -0.3083367	0.09213981 0.9941427 -0.05648473 0.5093288	-0.3902171 0.08823878 0.9164848 0.5648025	0 0 0 1	
-0.9211987 0.08430567 -0.3798495 -0.2931881	0.1146306 0.9917199 -0.05789127 0.5623587	-0.3718237 0.09687174 0.9232352 0.5778963	0 0 0 1	
-0.9247371 0.09524558 -0.3684968 -0.2823928	0.1239491 0.9907651 -0.05496455 0.5907528	-0.3598587 0.09650258 0.928003 0.5828699	0 0 0 1	
-0.9282072 0.1062148 -0.3565814 -0.2704082	0.1319796 0.9900581 -0.048644 0.6208063	-0.3478695 0.09221316 0.9329972 0.5854558	0 0 0 1	
-0.9325118 0.1128976 -0.3430391 -0.259915	0.1343926 0.990142 -0.03946484 0.6518993	-0.3352019 0.08290335 0.9384917 0.5848628	0 0 0 1	
-0.9390876 0.1133422 -0.3244503 -0.2511901	0.1288905 0.9912976 -0.02676409 0.6866027	-0.3185933 0.06695236 0.9455241 0.5783771	0 0 0 1	
-0.9438293 0.1167703 -0.3091134 -0.2411844	0.1249685 0.9921376 -0.006782938 0.7221251	-0.305891 0.04503138 0.951001 0.5678895	0 0 0 1	
-0.9472659 0.1259724 -0.2946508 -0.2262158	0.1265321 0.9918126 0.01724572 0.759104	-0.2944108 0.0209465 0.9554497 0.5544852	0 0 0 1	
-0.9494145 0.1379775 -0.2820894 -0.2091329	0.1318266 0.9904342 0.04076563 0.7947133	-0.2850158 -0.001516581 0.9585217 0.5407851	0 0 0 1	
-0.9504875 0.1480584 -0.2732258 -0.1951612	0.1368872 0.9887909 0.05961826 0.8264242	-0.2789902 -0.01926528 0.9601008 0.529303	0 0 0 1	
-0.9502306 0.1564221 -0.2694328 -0.1852056	0.1418093 0.9871987 0.07299842 0.8537818	-0.2774023 -0.03115724 0.9602486 0.5212407	0 0 0 1	
-0.950069 0.1659487 -0.2642544 -0.1675878	0.1494416 0.9854029 0.08153719 0.8755173	-0.273928 -0.03797534 0.9610003 0.5149481	0 0 0 1	
-0.9484292 0.173933 -0.2650087 -0.1594941	0.1546776 0.9836683 0.09204084 0.8988816	-0.2766896 -0.04630329 0.9598433 0.5088825	0 0 0 1	
-0.947953 0.1796345 -0.2629009 -0.1514192	0.1577611 0.9821693 0.1022492 0.9211578	-0.2765807 -0.05545192 0.9593896 0.5028289	0 0 0 1	
-0.9485831 0.1842538 -0.2573731 -0.1420332	0.160055 0.980712 0.112189 0.9425261	-0.2730801 -0.06522675 0.9597776 0.4970751	0 0 0 1	
-0.9493723 0.1897116 -0.2504045 -0.1307651	0.1639087 0.9791061 0.1203549 0.962148	-0.2680053 -0.07321814 0.9606315 0.4933811	0 0 0 1	
-0.9496759 0.1964214 -0.2439971 -0.1183897	0.1696464 0.9773533 0.1264936 0.9798934	-0.2633174 -0.07873468 0.9614911 0.4919488	0 0 0 1	
-0.9503978 0.2043945 -0.2344515 -0.1017167	0.1774143 0.9753606 0.1311327 0.9919884	-0.2554775 -0.08303317 0.9632431 0.4867197	0 0 0 1	
-0.9506023 0.211191 -0.2274944 -0.0885336	0.1840535 0.9736323 0.1347756 1.006878	-0.2499593 -0.08624681 0.9644074 0.487756	0 0 0 1	
-0.9512526 0.2156707 -0.2204654 -0.07762893	0.1888203 0.9724641 0.1366032 1.020298	-0.243856 -0.0883158 0.965782 0.490124	0 0 0 1	
-0.9527044 0.2163941 -0.2133725 -0.07060821	0.1902553 0.9722014 0.1364822 1.032372	-0.236975 -0.08943197 0.9673907 0.4936668	0 0 0 1	
-0.9541222 0.2155869 -0.2077822 -0.06621189	0.1900613 0.9722972 0.1360695 1.043922	-0.2313608 -0.09033558 0.968665 0.4969432	0 0 0 1	
-0.9547997 0.2152281 -0.2050234 -0.06321977	0.1895873 0.9721682 0.1376429 1.055934	-0.2289419 -0.09255155 0.9690304 0.4977117	0 0 0 1	
-0.9557016 0.2149168 -0.2011101 -0.05849399	0.1890294 0.9718935 0.140324 1.067468	-0.2256155 -0.09609218 0.9694657 0.4961578	0 0 0 1	
-0.9567327 0.2120008 -0.1992943 -0.05900009	0.1847743 0.9717703 0.1467001 1.080966	-0.2247688 -0.1035284 0.9688969 0.4903129	0 0 0 1	
-0.9579551 0.2074403 -0.1982183 -0.06197195	0.1780609 0.9715422 0.156205 1.095645	-0.2249807 -0.1143425 0.9676309 0.4799889	0 0 0 1	
-0.9594566 0.2007703 -0.1978243 -0.06790414	0.1683293 0.9711069 0.1691645 1.111496	-0.2260717 -0.1290063 0.9655304 0.4645296	0 0 0 1	
-0.9613156 0.1930057 -0.1965224 -0.0746365	0.1567758 0.9700075 0.1857599 1.128253	-0.2264809 -0.1477639 0.962742 0.4439371	0 0 0 1	
-0.9628407 0.1854151 -0.1963651 -0.08210742	0.1445811 0.9680038 0.2050974 1.145234	-0.2281103 -0.1690854 0.958841 0.4193453	0 0 0 1	
-0.964015 0.1793353 -0.1962504 -0.08849865	0.1341168 0.9654487 0.2234313 1.166116	-0.2295388 -0.1890706 0.9547589 0.3915271	0 0 0 1	
-0.9643288 0.1731398 -0.2002315 -0.09722735	0.1221302 0.9621167 0.2437531 1.181462	-0.2348494 -0.2106038 0.9489424 0.3642495	0 0 0 1	
-0.9652753 0.1647374 -0.2027456 -0.107666	0.1082883 0.958607 0.263337 1.195407	-0.2377348 -0.2322376 0.9431587 0.3370249	0 0 0 1	
-0.9667553 0.1539812 -0.2041422 -0.1202936	0.09302805 0.9554454 0.2801248 1.207234	-0.2381807 -0.2518212 0.9380064 0.3126293	0 0 0 1	
-0.9670383 0.1474235 -0.2076133 -0.1296498	0.081673 0.9518529 0.295475 1.217598	-0.2411773 -0.2687792 0.9325187 0.2905182	0 0 0 1	
-0.9663566 0.1449699 -0.2124596 -0.1353055	0.07480793 0.9487323 0.3071007 1.226076	-0.2460876 -0.2808751 0.9276586 0.2740744	0 0 0 1	
-0.9664365 0.1432441 -0.213265 -0.1384279	0.07173215 0.9475699 0.3113932 1.23815	-0.2466888 -0.2856438 0.9260414 0.2587058	0 0 0 1	
-0.9669305 0.1406579 -0.2127474 -0.1406732	0.06977722 0.94824 0.3097935 1.242133	-0.2453105 -0.2847037 0.9266969 0.2615547	0 0 0 1	
-0.9679589 0.1382937 -0.2095954 -0.1409732	0.07029114 0.9505363 0.3025556 1.24416	-0.2410696 -0.2781287 0.929801 0.2730378	0 0 0 1	
-0.9694574 0.1357249 -0.2042822 -0.1401158	0.07187882 0.9535778 0.2924427 1.244931	-0.2344908 -0.2688272 0.9342088 0.28895	0 0 0 1	
-0.9712887 0.1318951 -0.1979958 -0.1402023	0.07218798 0.9564041 0.2829843 1.245378	-0.2266882 -0.2605664 0.9384657 0.3037628	0 0 0 1	
-0.9728413 0.1282781 -0.1926775 -0.1408247	0.07165973 0.9584075 0.2762606 1.246233	-0.2201017 -0.2549505 0.9415709 0.3145304	0 0 0 1	
-0.9743061 0.1258202 -0.1868071 -0.1403595	0.07175622 0.9595987 0.2720689 1.251858	-0.2134916 -0.2516738 0.9439713 0.3171154	0 0 0 1	
-0.9766238 0.1201151 -0.1782656 -0.1412516	0.06853011 0.9600185 0.2714188 1.253885	-0.2037397 -0.2528574 0.9458084 0.319379	0 0 0 1	
-0.9790856 0.1136139 -0.1687718 -0.1424844	0.06434479 0.9598885 0.2728991 1.256252	-0.1930072 -0.256332 0.9471234 0.3187068	0 0 0 1	
-0.9811996 0.1067125 -0.1608097 -0.1452512	0.05935635 0.9597011 0.2746829 1.258284	-0.1836413 -0.2599737 0.9479924 0.3173547	0 0 0 1	
-0.9832023 0.09299472 -0.1570514 -0.1590858	0.04661642 0.9598733 0.2765322 1.25959	-0.1764655 -0.2645659 0.9480848 0.3140707	0 0 0 1	
-0.9844781 0.07501756 -0.1586677 -0.1818592	0.02798377 0.9595761 0.2800547 1.260605	-0.1732628 -0.2712676 0.9467809 0.3067495	0 0 0 1	
-0.9837513 0.06224497 -0.1684022 -0.206096	0.01163908 0.9581149 0.2861475 1.268422	-0.1791599 -0.2795379 0.9432712 0.2893694	0 0 0 1	
-0.9826417 0.05563576 -0.1769741 -0.2200788	0.001183905 0.9558313 0.2939133 1.270578	-0.1855095 -0.288602 0.9393057 0.2757202	0 0 0 1	
-0.9811484 0.0558287 -0.185017 -0.2254656	-0.001983585 0.9544045 0.2985096 1.272288	-0.1932465 -0.2932492 0.9363017 0.267721	0 0 0 1	
-0.9795382 0.05914579 -0.1923722 -0.2266595	-0.0007041544 0.9548297 0.2971527 1.272622	-0.201258 -0.2912078 0.9352505 0.2689783	0 0 0 1	
-0.9778326 0.06384826 -0.1994158 -0.2260044	0.003389379 0.957077 0.2898139 1.271379	-0.2093604 -0.2827136 0.9360776 0.2791756	0 0 0 1	
-0.9760289 0.06829277 -0.2066492 -0.2258026	0.008342598 0.9605356 0.2780317 1.268583	-0.2174815 -0.269643 0.9380804 0.2955574	0 0 0 1	
-0.9734857 0.07189295 -0.2171571 -0.231216	0.01248903 0.9646159 0.2633632 1.27007	-0.2284072 -0.2536682 0.9399377 0.3085129	0 0 0 1	
-0.9712315 0.07411619 -0.2263103 -0.2349661	0.01626642 0.9687619 0.2474588 1.265078	-0.2375815 -0.2366585 0.9420975 0.3292385	0 0 0 1	
-0.9699705 0.07539117 -0.231243 -0.2369676	0.02039731 0.972612 0.231538 1.259692	-0.2423657 -0.2198683 0.9449427 0.3507241	0 0 0 1	
-0.9702491 0.0760898 -0.2298416 -0.2352942	0.02422504 0.9750772 0.2205393 1.256019	-0.2408941 -0.2084101 0.947911 0.366733	0 0 0 1	
-0.9715625 0.07773966 -0.223658 -0.2291328	0.0281546 0.9757951 0.2168669 1.255218	-0.2351035 -0.2044028 0.9502347 0.3739082	0 0 0 1	
-0.9733009 0.08006945 -0.2151146 -0.2205143	0.03143511 0.9748517 0.2206267 1.257193	-0.2273703 -0.207974 0.951341 0.3713318	0 0 0 1	
-0.9747385 0.08249442 -0.2075565 -0.2135383	0.03337222 0.9726511 0.2298609 1.265886	-0.2208423 -0.2171276 0.9508336 0.3587415	0 0 0 1	
-0.9769131 0.07947356 -0.1983053 -0.2109649	0.02933487 0.9693406 0.2439638 1.271193	-0.2116141 -0.2325142 0.9492928 0.3399668	0 0 0 1	
-0.9787135 0.07559642 -0.1908014 -0.2106418	0.02400763 0.965477 0.2593798 1.27649	-0.2038225 -0.2492778 0.9467402 0.3185462	0 0 0 1	
-0.9795752 0.07777176 -0.1854297 -0.2043164	0.02421963 0.9610959 0.275151 1.282191	-0.1996147 -0.26504 0.9433492 0.2971968	0 0 0 1	
-0.9797382 0.08481555 -0.1814381 -0.1929294	0.02909995 0.9565756 0.2900282 1.287875	-0.1981582 -0.2788718 0.9396619 0.2775619	0 0 0 1	
-0.9796329 0.09065678 -0.1791677 -0.1841939	0.03285836 0.9526275 0.3023593 1.29245	-0.198091 -0.2903139 0.9362041 0.2607391	0 0 0 1	
-0.9789807 0.09258296 -0.1817282 -0.1865776	0.03211097 0.9498858 0.3109435 1.302324	-0.2014091 -0.2985722 0.9328928 0.2494155	0 0 0 1	
-0.9784188 0.09095822 -0.1855349 -0.1912556	0.02819969 0.9482795 0.3161815 1.304143	-0.2046983 -0.304126 0.9303795 0.2397974	0 0 0 1	
-0.9776819 0.08864903 -0.1904718 -0.1975084	0.02405512 0.9478891 0.3176911 1.30493	-0.2087091 -0.3060191 0.9288664 0.2353377	0 0 0 1	
-0.9770797 0.08540699 -0.1949895 -0.2045635	0.02013435 0.9489579 0.3147593 1.30451	-0.2119195 -0.3036189 0.9289272 0.2374872	0 0 0 1	
-0.9768996 0.07959411 -0.1983233 -0.2139812	0.0154349 0.9519051 0.3060039 1.302194	-0.2131411 -0.295874 0.9311444 0.2481066	0 0 0 1	
-0.9772751 0.06992482 -0.2001092 -0.2271012	0.008725567 0.956495 0.291618 1.297491	-0.2117949 -0.283245 0.935369 0.2666	0 0 0 1	
-0.9774166 0.05777672 -0.2032703 -0.2470642	-0.0001452882 0.9617147 0.2740525 1.290074	-0.2113219 -0.267893 0.9399875 0.2866828	0 0 0 1	
-0.9781487 0.04322685 -0.2033628 -0.2649172	-0.01084729 0.9662039 0.2575506 1.283117	-0.2076231 -0.2541287 0.9446223 0.3073239	0 0 0 1	
-0.9790035 0.02746616 -0.2019849 -0.2831197	-0.02315545 0.9694827 0.2440639 1.27664	-0.2025243 -0.2436165 0.948491 0.3238052	0 0 0 1	
-0.9798919 0.01372547 -0.1990565 -0.2976612	-0.03391461 0.9716572 0.2339492 1.271434	-0.1966257 -0.2359958 0.9516535 0.3365197	0 0 0 1	
-0.980737 0.003664704 -0.1953008 -0.3070402	-0.0413918 0.9732201 0.226118 1.267578	-0.1908993 -0.2298461 0.9543213 0.3471819	0 0 0 1	
-0.9813504 -0.002055179 -0.1922173 -0.3115062	-0.04506179 0.9745398 0.2196397 1.264955	-0.186872 -0.2242051 0.9564576 0.356691	0 0 0 1	
-0.9812759 -0.003803277 -0.1925704 -0.3139511	-0.04559784 0.975971 0.2130762 1.263245	-0.1871327 -0.2178673 0.9578702 0.3651933	0 0 0 1	
-0.9815075 -0.005585782 -0.191342 -0.314792	-0.04563294 0.9775841 0.2055404 1.260836	-0.1859048 -0.210471 0.9597611 0.3764144	0 0 0 1	
-0.9815056 -0.004772449 -0.1913753 -0.3132974	-0.04338618 0.9792222 0.198095 1.258891	-0.1864535 -0.2027344 0.9613191 0.3876176	0 0 0 1	
-0.9813601 -0.0006309617 -0.1921776 -0.3082158	-0.03822063 0.9806592 0.1919549 1.258067	-0.1883396 -0.195722 0.9624039 0.3974348	0 0 0 1	
-0.9811605 0.006342368 -0.1930905 -0.2996828	-0.03035611 0.9819849 0.1865049 1.258005	-0.1907948 -0.1888527 0.9632924 0.4068569	0 0 0 1	
-0.9807919 0.01413655 -0.1945434 -0.2905	-0.02167946 0.9832904 0.1807482 1.25781	-0.1938478 -0.181494 0.9640969 0.4167054	0 0 0 1	
-0.9798588 0.02054384 -0.1986327 -0.2867091	-0.01461693 0.984647 0.173944 1.258514	-0.1991566 -0.1733439 0.9645147 0.4265172	0 0 0 1	
-0.9793155 0.02548352 -0.2007288 -0.2815876	-0.008501002 0.9859795 0.1666497 1.256956	-0.2021613 -0.164909 0.9653684 0.4375747	0 0 0 1	
-0.9790941 0.03028619 -0.2011414 -0.2754709	-0.002146012 0.9872602 0.1590995 1.255217	-0.2033975 -0.156205 0.9665557 0.4494225	0 0 0 1	
-0.9795145 0.03426301 -0.1984379 -0.2682087	0.00376207 0.9883604 0.1520839 1.253518	-0.2013391 -0.1482218 0.9682423 0.4612032	0 0 0 1	
-0.9803544 0.03855168 -0.1934394 -0.2589933	0.01010587 0.9892426 0.1459353 1.25208	-0.1969845 -0.1411134 0.9701979 0.4724	0 0 0 1	
-0.9811372 0.04385328 -0.1882738 -0.2484123	0.01706468 0.9897749 0.1416134 1.251462	-0.1925589 -0.1357293 0.9718534 0.4812431	0 0 0 1	
-0.9815187 0.04917263 -0.1849409 -0.2405604	0.02327034 0.98992 0.1397025 1.253694	-0.1899462 -0.132817 0.9727694 0.4876482	0 0 0 1	
-0.9817976 0.05424125 -0.1820217 -0.2318602	0.02874086 0.9897465 0.139914 1.254889	-0.1877444 -0.1321357 0.9732896 0.4895318	0 0 0 1	
-0.9814398 0.05921578 -0.182399 -0.2255971	0.03345548 0.9894158 0.1411987 1.256429	-0.1888297 -0.1324757 0.9730332 0.489125	0 0 0 1	
-0.9804214 0.06396233 -0.1862333 -0.2219793	0.03747813 0.9890985 0.1424057 1.25782	-0.1933117 -0.1326379 0.9721307 0.4880289	0 0 0 1	
-0.9786634 0.06978469 -0.1932565 -0.2191285	0.04223494 0.9887961 0.1431726 1.258977	-0.2010825 -0.1319556 0.970646 0.4871749	0 0 0 1	
-0.9761664 0.07729218 -0.202795 -0.2157889	0.0484923 0.9884868 0.1433259 1.259902	-0.2115381 -0.1300758 0.9686757 0.4871964	0 0 0 1	
-0.9730041 0.08574649 -0.2142672 -0.2146212	0.055744 0.9882464 0.1423434 1.258694	-0.2239542 -0.1265566 0.9663477 0.4821416	0 0 0 1	
-0.9696681 0.09247397 -0.2262574 -0.213881	0.06194861 0.9884247 0.1384881 1.257556	-0.236445 -0.1202712 0.9641726 0.487228	0 0 0 1	
-0.9664022 0.09638765 -0.238279 -0.2167258	0.06614526 0.9890639 0.1318231 1.254776	-0.2483792 -0.111633 0.9622091 0.4955169	0 0 0 1	
-0.9636459 0.0963667 -0.2491992 -0.2238117	0.06734142 0.9901811 0.1225012 1.250285	-0.2585573 -0.1012664 0.9606735 0.5065293	0 0 0 1	
-0.9618311 0.09062782 -0.2582014 -0.2368733	0.06410129 0.991931 0.1093795 1.243232	-0.2660308 -0.08865355 0.9598794 0.5212076	0 0 0 1	
-0.9612113 0.0799647 -0.2639672 -0.2540517	0.05741793 0.9940963 0.09206394 1.233196	-0.2697707 -0.07333644 0.9601279 0.5403976	0 0 0 1	
-0.9619248 0.06703647 -0.2649661 -0.2714877	0.04950411 0.996153 0.07230872 1.221691	-0.2687941 -0.05643863 0.961543 0.5613187	0 0 0 1	
-0.963798 0.05529655 -0.2608365 -0.283318	0.04283841 0.9976639 0.05321262 1.209661	-0.2631696 -0.0401124 0.9639153 0.5842942	0 0 0 1	
-0.9662172 0.0483024 -0.2531632 -0.2866865	0.03985337 0.9984674 0.03839961 1.200269	-0.25463 -0.02701295 0.9666613 0.6038935	0 0 0 1	
-0.9685873 0.04627671 -0.2443295 -0.282965	0.04048185 0.9987683 0.02868873 1.19426	-0.2453562 -0.01789663 0.9692677 0.6184923	0 0 0 1	
-0.9706236 0.04597433 -0.2361705 -0.277524	0.04143118 0.998849 0.02416618 1.19164	-0.2370097 -0.01367144 0.9714112 0.6265068	0 0 0 1	
-0.9720521 0.04501227 -0.2304098 -0.2745605	0.04060342 0.9988908 0.02384319 1.191693	-0.2312275 -0.01382139 0.9728016 0.6281558	0 0 0 1	
-0.9725574 0.04368333 -0.2285256 -0.2755672	0.03886675 0.9989181 0.02553725 1.19382	-0.2293939 -0.0159544 0.9732029 0.6295927	0 0 0 1	
-0.9722674 0.04395965 -0.2297033 -0.2759713	0.03877857 0.9988824 0.02702345 1.195088	-0.2306345 -0.01736646 0.9728855 0.6274733	0 0 0 1	
-0.9716282 0.044193 -0.232348 -0.2775066	0.03905591 0.9988812 0.02666575 1.195148	-0.2332665 -0.01683463 0.9722672 0.6273566	0 0 0 1	
-0.9710778 0.04475954 -0.2345302 -0.2783346	0.04017765 0.9988975 0.02428076 1.19393	-0.2353585 -0.01415563 0.9718056 0.6301007	0 0 0 1	
-0.9706204 0.04662767 -0.236055 -0.2770841	0.04304108 0.9988665 0.02032692 1.191785	-0.2367352 -0.009569655 0.9715271 0.6354505	0 0 0 1	
-0.9703642 0.04882513 -0.2366644 -0.2747381	0.04639227 0.9987977 0.01584119 1.189285	-0.2371534 -0.004392322 0.9714626 0.641825	0 0 0 1	
-0.9703269 0.05071146 -0.23642 -0.2734928	0.04925553 0.9987133 0.01206438 1.186516	-0.2367276 -6.139465E-05 0.9715762 0.6411589	0 0 0 1	
-0.9706947 0.05272069 -0.2344615 -0.2695047	0.05200716 0.9986041 0.009229721 1.185129	-0.2346207 0.003234434 0.9720815 0.6458518	0 0 0 1	
-0.9712005 0.0547229 -0.2318944 -0.2650597	0.0547229 0.9984808 0.006437667 1.183692	-0.2318944 0.006437667 0.9727197 0.6505556	0 0 0 1	
-0.971831 0.05536031 -0.2290844 -0.2621433	0.05570287 0.998435 0.004975857 1.183005	-0.2290013 0.007924965 0.9733938 0.653245	0 0 0 1	
-0.9727924 0.05351662 -0.2254135 -0.2617042	0.0544417 0.9985147 0.002114602 1.181189	-0.2251918 0.01021482 0.974261 0.6570842	0 0 0 1	
-0.9738901 0.05097985 -0.2212224 -0.261751	0.05234018 0.9986293 -0.0002875524 1.179659	-0.2209045 0.01185887 0.9752234 0.6602309	0 0 0 1	
-0.974858 0.04853415 -0.2174775 -0.2627668	0.05027139 0.9987326 -0.002459201 1.178793	-0.2170825 0.01333027 0.9760623 0.6672454	0 0 0 1	
-0.9758651 0.04847711 -0.2129255 -0.259508	0.05039035 0.9987233 -0.003564469 1.178327	-0.2124809 0.01420783 0.977062 0.6695864	0 0 0 1	
-0.9765035 0.05018912 -0.2095759 -0.2548892	0.0521875 0.9986292 -0.004012635 1.178386	-0.2090872 0.01485559 0.9777842 0.6712731	0 0 0 1	
-0.9768739 0.05123105 -0.2075882 -0.2520609	0.05331535 0.9985678 -0.004454477 1.178222	-0.2070627 0.0154191 0.9782062 0.6724289	0 0 0 1	
-0.976989 0.05134022 -0.2070188 -0.2514038	0.05323875 0.9985753 -0.003606401 1.178878	-0.2065387 0.01454484 0.9783304 0.6713454	0 0 0 1	
-0.9766433 0.05239241 -0.2083825 -0.250872	0.05381121 0.9985505 -0.001141589 1.180732	-0.2080207 0.01232824 0.9780469 0.667981	0 0 0 1	
-0.976024 0.05310098 -0.2110863 -0.2534001	0.05397885 0.9985408 0.001605212 1.183273	-0.2108635 0.009827472 0.9774661 0.6627365	0 0 0 1	
-0.9753218 0.05461232 -0.2139277 -0.2533176	0.05498754 0.9984782 0.004200791 1.185299	-0.2138315 0.007666235 0.9768405 0.6590223	0 0 0 1	
-0.9750446 0.05490975 -0.2151121 -0.2536712	0.05630582 0.9984135 -0.0003628028 1.182402	-0.2147509 0.01246581 0.9765894 0.664787	0 0 0 1	
-0.9748641 0.05491273 -0.2159271 -0.2541829	0.05799087 0.9982855 -0.007940767 1.177232	-0.2151209 0.02026297 0.9763771 0.6744872	0 0 0 1	
-0.974333 0.05559457 -0.2181384 -0.2547799	0.05862458 0.9982524 -0.007437757 1.177787	-0.2173437 0.02003513 0.9758894 0.6735356	0 0 0 1	
-0.9735153 0.05696573 -0.2214112 -0.2552029	0.05950095 0.9982167 -0.004791699 1.179819	-0.2207434 0.01783897 0.9751688 0.6696236	0 0 0 1	
-0.972859 0.05837621 -0.2239155 -0.2558759	0.0605654 0.9981599 -0.002915293 1.180787	-0.2233333 0.0163977 0.9746045 0.6652182	0 0 0 1	
-0.9724257 0.05975203 -0.2254279 -0.2550703	0.06222805 0.9980544 -0.00388766 1.180186	-0.224757 0.0178084 0.9742521 0.6663195	0 0 0 1	
-0.9721439 0.06204337 -0.2260243 -0.2524766	0.06482321 0.9978848 -0.004890434 1.179568	-0.2252428 0.01940583 0.9741094 0.667943	0 0 0 1	
-0.9717776 0.06476358 -0.2268355 -0.2494633	0.06719926 0.997735 -0.003023501 1.180981	-0.2261259 0.01818135 0.9739286 0.6658613	0 0 0 1	
-0.9716382 0.06574786 -0.2271486 -0.2483595	0.06822358 0.9976654 -0.003056466 1.180967	-0.2264173 0.01846667 0.9738553 0.6658142	0 0 0 1	
-0.9713753 0.06576708 -0.228265 -0.2490674	0.0683382 0.9976565 -0.003369228 1.180704	-0.2275085 0.01887201 0.9735934 0.6656673	0 0 0 1	
-0.9710141 0.06514252 -0.2299744 -0.2513922	0.06785504 0.9976876 -0.003897436 1.180297	-0.2291887 0.01938939 0.973189 0.6670452	0 0 0 1	
-0.9703331 0.06524178 -0.2328035 -0.253196	0.06813116 0.9976667 -0.0043829 1.179942	-0.2319744 0.02011405 0.972514 0.6667953	0 0 0 1	
-0.96992 0.065115 -0.2345541 -0.2545373	0.0681961 0.9976592 -0.00504005 1.179459	-0.2336769 0.02088412 0.9720902 0.6669042	0 0 0 1	
-0.9698062 0.06422029 -0.2352701 -0.2560795	0.06728879 0.9977208 -0.005028938 1.179396	-0.2344109 0.02070813 0.9719173 0.6661214	0 0 0 1	
-0.9699116 0.06282575 -0.2352114 -0.2576548	0.06574555 0.9978259 -0.004584074 1.179601	-0.234412 0.01991025 0.9719334 0.6648013	0 0 0 1	
-0.9702916 0.06064946 -0.2342132 -0.2601348	0.06368837 0.9979551 -0.005426069 1.178908	-0.2334052 0.02018153 0.9721701 0.66664	0 0 0 1	
-0.9700904 0.05830312 -0.2356378 -0.2639856	0.06138378 0.9980977 -0.005752946 1.17855	-0.2348541 0.02004522 0.9718239 0.6657745	0 0 0 1	
-0.9691818 0.05563078 -0.2399839 -0.2702836	0.05857766 0.9982696 -0.005158178 1.178796	-0.2392816 0.0190569 0.9707633 0.6628531	0 0 0 1	
-0.9679785 0.0525296 -0.2454762 -0.2778949	0.05553309 0.9984426 -0.005324517 1.178449	-0.2448142 0.01878607 0.9693881 0.6604416	0 0 0 1	
-0.9669036 0.05060728 -0.250073 -0.2833633	0.05407675 0.9985121 -0.007018032 1.177135	-0.2493458 0.0203089 0.9682016 0.6606027	0 0 0 1	
-0.9662364 0.05030813 -0.2526986 -0.2853988	0.05414134 0.9984993 -0.008233854 1.17629	-0.2519051 0.02163729 0.9675101 0.6611714	0 0 0 1	
-0.965739 0.05120613 -0.2544141 -0.2852496	0.05501329 0.9984546 -0.007866979 1.176648	-0.2536181 0.0215936 0.9670637 0.660296	0 0 0 1	
-0.9654818 0.05241799 -0.2551424 -0.2848441	0.05612388 0.9983974 -0.007261004 1.174784	-0.2543528 0.02132994 0.9668764 0.6627854	0 0 0 1	
-0.9652199 0.0528456 -0.2560439 -0.2847601	0.05649876 0.9983786 -0.006927702 1.175062	-0.2552626 0.02115291 0.9666406 0.6620855	0 0 0 1	
-0.9647187 0.05272469 -0.2579502 -0.2860516	0.05639025 0.9983854 -0.006827514 1.175136	-0.2571737 0.0211325 0.9661342 0.6612448	0 0 0 1	
-0.9641125 0.05161709 -0.260428 -0.2890254	0.05543362 0.9984355 -0.007326063 1.174707	-0.2596424 0.02149962 0.9654655 0.6607019	0 0 0 1	
-0.9635891 0.04993914 -0.2626824 -0.2925936	0.05391732 0.9985137 -0.007953417 1.174128	-0.2618948 0.02182696 0.9648496 0.6601971	0 0 0 1	
-0.9630899 0.04890337 -0.2647004 -0.2951681	0.0529788 0.9985614 -0.008274762 1.173813	-0.2639149 0.02199285 0.9642951 0.6595731	0 0 0 1	
-0.9626722 0.04895417 -0.2662061 -0.2961341	0.05293227 0.9985678 -0.007784827 1.174801	-0.2654438 0.02158513 0.9638847 0.6589234	0 0 0 1	
-0.9622718 0.04908238 -0.2676265 -0.2967848	0.05273557 0.9985875 -0.006475065 1.175719	-0.2669307 0.02034421 0.963501 0.6567934	0 0 0 1	
-0.9621322 0.04894583 -0.2681524 -0.2971383	0.05267642 0.9985889 -0.006730935 1.175525	-0.2674446 0.02060136 0.9633529 0.6569288	0 0 0 1	
-0.9622289 0.04821855 -0.2679377 -0.2977518	0.05238312 0.9985916 -0.008412046 1.174267	-0.2671548 0.02212973 0.9633995 0.6589843	0 0 0 1	
-0.9624109 0.04691046 -0.2675168 -0.2989821	0.05140461 0.9986296 -0.009816825 1.173151	-0.2666897 0.02319941 0.9635035 0.6605135	0 0 0 1	
-0.962909 0.04519138 -0.266015 -0.3000177	0.04964028 0.9987169 -0.01002074 1.172856	-0.2652208 0.02285412 0.9639168 0.6605729	0 0 0 1	
