-1.192093E-07 1 0 0	-1 -1.192093E-07 0 0	0 0 -1 0	0 0 0 1	
-0.002179623 -0.09715085 -0.9952674 0	0.5902546 0.8032727 -0.07970229 0	-0.8072144 0.5876348 -0.05559283 0	0 0 0 1	
-0.01823068 -0.09668034 -0.9951485 0	0.5880756 0.8039082 -0.08887428 0	-0.8086004 0.5868428 -0.04219955 0	0 0 0 1	
-0.01806188 -0.09671398 -0.9951485 0	0.5875112 0.8043255 -0.08883196 0	-0.8090146 0.5862652 -0.04229289 0	0 0 0 1	
-0.02092862 -0.09634589 -0.9951279 0	0.5864193 0.8049622 -0.09026754 0	-0.8097373 0.5854514 -0.03965235 0	0 0 0 1	
-0.02665627 -0.09554276 -0.9950685 0	0.5850587 0.8056378 -0.09302704 0	-0.8105529 0.5846531 -0.03442276 0	0 0 0 1	
-0.03304505 -0.09441935 -0.9949839 0	0.5831546 0.8066788 -0.09591761 0	-0.8116889 0.5833991 -0.02840424 0	0 0 0 1	
-0.03975463 -0.09296277 -0.9948756 0	0.5804585 0.8082833 -0.09872201 0	-0.8133188 0.5814087 -0.02182806 0	0 0 0 1	
-0.04888725 -0.09027858 -0.994716 0	0.5758949 0.8111455 -0.1019215 0	-0.8160609 0.5778345 -0.01233625 0	0 0 0 1	
-0.05636728 -0.08783598 -0.994539 0	0.5724016 0.8133165 -0.1042725 0	-0.8180339 0.5751531 -0.004432976 0	0 0 0 1	
-0.0735991 -0.08309865 -0.9938198 0	0.5678219 0.8157336 -0.110259 0	-0.8198545 0.5724276 0.01285207 0	0 0 0 1	
-0.09222448 -0.07418235 -0.9929711 0	0.5655519 0.8168579 -0.1135523 0	-0.81954 0.572049 0.03338039 0	0 0 0 1	
-0.1151851 -0.07072414 -0.9908231 0	0.5605383 0.8188509 -0.1236125 0	-0.8200788 0.5696326 0.05467582 0	0 0 0 1	
-0.1427933 -0.06595229 -0.9875529 0	0.555818 0.820245 -0.1351463 0	-0.8189485 0.5681975 0.08046806 0	0 0 0 1	
-0.1827782 -0.0564283 -0.9815335 0	0.5507716 0.8211091 -0.1497685 0	-0.8143972 0.5679752 0.1190017 0	0 0 0 1	
-0.2104059 -0.0465734 -0.9765043 0	0.5479558 0.8215937 -0.1572523 0	-0.8096135 0.5681679 0.147348 0	0 0 0 1	
-0.2360957 -0.03273398 -0.9711784 0	0.5469655 0.8215941 -0.1606607 0	-0.8031735 0.5691323 0.1760705 0	0 0 0 1	
-0.2730576 -0.009067059 -0.9619551 0	0.547206 0.8209598 -0.1630662 0	-0.7912051 0.570914 0.2192078 0	0 0 0 1	
-0.2945051 0.009032667 -0.9556073 0	0.5481255 0.8207214 -0.161167 0	-0.7828315 0.5712572 0.2466576 0	0 0 0 1	
-0.3076148 0.02366492 -0.9512168 0	0.5490545 0.820882 -0.1571367 0	-0.7771182 0.5706074 0.2655088 0	0 0 0 1	
-0.3183926 0.03628448 -0.9472643 0	0.5458426 0.824003 -0.1519045 0	-0.7750368 0.5654225 0.2821621 0	0 0 0 1	
-0.3249066 0.04301569 -0.9447675 0	0.54656 0.8237934 -0.1504548 0	-0.7718213 0.5652559 0.2911665 0	0 0 0 1	
-0.3342332 0.04996608 -0.9411653 0	0.5471238 0.8233954 -0.1505845 0	-0.767427 0.5652641 0.3025436 0	0 0 0 1	
-0.3460994 0.05863437 -0.9363639 0	0.5444678 0.8253395 -0.1495644 0	-0.7640485 0.5615841 0.317574 0	0 0 0 1	
-0.351319 0.06326409 -0.934116 0	0.5441771 0.8256795 -0.1487437 0	-0.7618703 0.560581 0.3245037 0	0 0 0 1	
-0.3572755 0.06647949 -0.9316302 0	0.540324 0.8283207 -0.1481039 0	-0.7618428 0.556296 0.3318591 0	0 0 0 1	
-0.366367 0.06702954 -0.9280529 0	0.5357862 0.8306476 -0.1515177 0	-0.7607288 0.552749 0.3402354 0	0 0 0 1	
-0.3682432 0.06336905 -0.9275677 0	0.5318465 0.832673 -0.1542561 0	-0.7625856 0.5501273 0.3403288 0	0 0 0 1	
-0.3716121 0.05831978 -0.9265546 0	0.5141053 0.843958 -0.1530706 0	-0.7730461 0.5332295 0.3436075 0	0 0 0 1	
-0.3709253 0.06644075 -0.926283 0	0.5067624 0.8503208 -0.1419383 0	-0.7782072 0.5220538 0.3490752 0	0 0 0 1	
-0.3731552 0.06394586 -0.9255627 0	0.5135103 0.845111 -0.1486422 0	-0.7726982 0.5307525 0.3481945 0	0 0 0 1	
-0.3796993 0.06528215 -0.9228037 0	0.5019576 0.8524404 -0.1462324 0	-0.7770888 0.5187327 0.3564399 0	0 0 0 1	
-0.3912369 0.05920641 -0.9183837 0	0.5001261 0.8513849 -0.1581695 0	-0.7725334 0.5211894 0.3627039 0	0 0 0 1	
-0.4011528 0.05522235 -0.9143451 0	0.4980374 0.8509004 -0.1671146 0	-0.7687882 0.5224165 0.368844 0	0 0 0 1	
-0.4124794 0.04967524 -0.9096118 0	0.493832 0.8512592 -0.1774481 0	-0.7655007 0.5223889 0.3756582 0	0 0 0 1	
-0.4159145 0.04590157 -0.9082446 0	0.4928355 0.8507276 -0.1826905 0	-0.7642829 0.5235988 0.3764518 0	0 0 0 1	
-0.4175493 0.03931876 -0.9078032 0	0.4914459 0.8501031 -0.1892237 0	-0.7642863 0.5251464 0.374283 0	0 0 0 1	
-0.419577 0.03857917 -0.9068996 0	0.4929133 0.8486422 -0.1919453 0	-0.7622282 0.5275587 0.3750869 0	0 0 0 1	
-0.4241872 0.03850384 -0.9047555 0	0.492202 0.8484371 -0.1946578 0	-0.7601331 0.5278939 0.3788478 0	0 0 0 1	
-0.4313813 0.0373475 -0.9013963 0	0.4871009 0.8506357 -0.1978676 0	-0.75937 0.5244274 0.3851404 0	0 0 0 1	
-0.4406941 0.0303493 -0.8971444 0	0.4734566 0.8569678 -0.2035805 0	-0.7626453 0.5144756 0.3920296 0	0 0 0 1	
-0.4466332 0.01951529 -0.8945042 -2.663104E-08	0.4610702 0.8618111 -0.211414 -5.096692E-09	-0.7667679 0.5068538 0.3939114 1.244754E-08	0 0 0 1	
-0.4547986 0.01467189 -0.8904736 -0.006050128	0.4529239 0.864718 -0.2170778 -9.218609E-05	-0.7668236 0.5020434 0.3999177 0.006037798	0 0 0 1	
-0.4617008 0.00756216 -0.8870035 -0.01239975	0.4421591 0.8688385 -0.2227441 -8.207688E-05	-0.7689785 0.4950378 0.4044873 0.01221371	0 0 0 1	
-0.4680414 0.0006938875 -0.8837062 -0.01895266	0.4316348 0.8727785 -0.2279235 -9.668036E-05	-0.7711216 0.488116 0.408796 0.01862998	0 0 0 1	
-0.4743257 -0.006756142 -0.8803236 -0.02594218	0.4211395 0.8763871 -0.2336393 -0.0001085403	-0.7730827 0.4815601 0.4128476 0.02539947	0 0 0 1	
-0.4821633 -0.01746774 -0.8759074 -0.03379291	0.4080047 0.8802814 -0.2421505 1.700758E-05	-0.7752748 0.4741303 0.4173125 0.03255073	0 0 0 1	
-0.4930096 -0.03129846 -0.8694609 -0.04250363	0.3903948 0.885137 -0.2532279 0.0003353404	-0.7775177 0.4642767 0.4241623 0.04003933	0 0 0 1	
-0.6113274 -0.03581925 -0.7905672 -0.02902711	0.3440335 0.8876106 -0.3062492 -0.004701611	-0.7126854 0.4591999 0.5302976 0.03928329	0 0 0 1	
-0.6380092 -0.04998052 -0.768405 -0.03622033	0.306154 0.8991646 -0.3126864 -0.003423377	-0.7065508 0.434747 0.5583735 0.04747095	0 0 0 1	
-0.6568344 -0.07137236 -0.7506495 -0.04366148	0.2582868 0.9139889 -0.3129093 -0.00116477	-0.7084184 0.3994125 0.5819048 0.05526393	0 0 0 1	
-0.6601428 -0.09480017 -0.7451341 -0.05104795	0.2092808 0.9295094 -0.3036672 0.002089019	-0.7213969 0.3564059 0.5937692 0.06256661	0 0 0 1	
-0.6642214 -0.1110632 -0.7392399 -0.05718137	0.1654633 0.9425291 -0.2902772 0.006147945	-0.7289942 0.3151253 0.6076711 0.07027201	0 0 0 1	
-0.7434534 -0.1319494 -0.6556422 -0.07616728	0.0917962 0.9509323 -0.2954678 0.01232344	-0.6624581 0.279852 0.6948613 0.0722067	0 0 0 1	
-0.7577152 -0.1410922 -0.6371505 -0.08020171	0.05873547 0.9576407 -0.281912 0.01604714	-0.6499369 0.2510323 0.7173319 0.0822866	0 0 0 1	
-0.7767643 -0.1448432 -0.6129095 -0.08237439	0.03298807 0.9625007 -0.2692659 0.01997186	-0.6289272 0.2293748 0.7428582 0.09380183	0 0 0 1	
-0.7912281 -0.1413969 -0.5949497 -0.08332092	0.01854569 0.9669053 -0.2544606 0.02457047	-0.61124 0.2123701 0.7624203 0.1056993	0 0 0 1	
-0.7953024 -0.1336068 -0.5913067 -0.08460824	0.01092155 0.9720944 -0.2343358 0.03025384	-0.6061147 0.1928258 0.7716498 0.1166961	0 0 0 1	
-0.7965187 -0.1255442 -0.5914364 -0.08593549	0.002475508 0.9775192 -0.2108319 0.03699122	-0.6046092 0.1693956 0.7783015 0.1271447	0 0 0 1	
-0.7958193 -0.1204939 -0.5934249 -0.08765711	-0.007770844 0.9819535 -0.1889628 0.04433826	-0.6054845 0.1457688 0.7823938 0.1374409	0 0 0 1	
-0.843887 -0.1263532 -0.5214304 -0.1110685	-0.03913174 0.98378 -0.1750588 0.04677926	-0.535092 0.1273253 0.8351436 0.149188	0 0 0 1	
-0.8419584 -0.1184778 -0.5263737 -0.1127679	-0.04093632 0.9868079 -0.1566343 0.05504439	-0.5379875 0.1103317 0.8357012 0.1604397	0 0 0 1	
-0.842189 -0.1047556 -0.5289087 -0.1127365	-0.03734019 0.9899214 -0.1366063 0.06465399	-0.5378883 0.09529877 0.8376125 0.1722652	0 0 0 1	
-0.8392735 -0.08762647 -0.5366022 -0.1125996	-0.02565161 0.9922101 -0.1219063 0.07380247	-0.5431044 0.08854797 0.8349833 0.1845062	0 0 0 1	
-0.8315544 -0.07492319 -0.5503671 -0.1141849	-0.01124316 0.9929281 -0.118183 0.08058149	-0.5553296 0.09208775 0.8265162 0.1972096	0 0 0 1	
-0.82839 -0.06790085 -0.5560215 -0.1148848	-0.004108574 0.9933357 -0.1151841 0.08754585	-0.5601371 0.09313288 0.8231483 0.210253	0 0 0 1	
-0.8772496 -0.06756629 -0.4752554 -0.137857	-0.01904947 0.9941648 -0.1061764 0.08896179	-0.4796562 0.08408982 0.8734179 0.2197134	0 0 0 1	
-0.8792439 -0.06220362 -0.4722933 -0.1359469	-0.01757151 0.9949983 -0.09833479 0.09884068	-0.4760478 0.07816136 0.8759391 0.2317731	0 0 0 1	
-0.8785008 -0.05428586 -0.4746467 -0.1342455	-0.01400966 0.9960232 -0.08798645 0.1104185	-0.4775355 0.07064654 0.8757677 0.2423127	0 0 0 1	
-0.8718246 -0.04666708 -0.4875903 -0.1350692	-0.009905141 0.9969272 -0.07770485 0.1228236	-0.4897183 0.06291535 0.8696079 0.2506624	0 0 0 1	
-0.8651221 -0.03846896 -0.5000838 -0.1353438	-0.008141035 0.998 -0.06268758 0.1375089	-0.5014951 0.05016121 0.863705 0.2571511	0 0 0 1	
-0.858412 -0.02623175 -0.5122893 -0.1365046	-0.004518068 0.9990395 -0.04358511 0.1391447	-0.5129406 0.03509943 0.857706 0.2524374	0 0 0 1	
-0.8581605 -0.01444394 -0.5131783 -0.1315847	-0.004102487 0.9997652 -0.02127908 0.157534	-0.5133651 0.01615555 0.8580182 0.2572075	0 0 0 1	
-0.8626547 -0.003325374 -0.5057825 -0.1234339	-0.003663907 0.9999933 -0.0003255656 0.1763268	-0.5057802 -0.001572289 0.862661 0.2619795	0 0 0 1	
-0.8710831 0.006150249 -0.4910978 -0.1124876	-0.002982221 0.9998369 0.01781113 0.1949116	-0.4911273 -0.01697953 0.8709227 0.2668155	0 0 0 1	
-0.8807656 0.01692395 -0.4732507 -0.09929544	-0.0001791408 0.9993492 0.0360712 0.2138758	-0.4735532 -0.03185504 0.8801893 0.270861	0 0 0 1	
-0.8906837 0.03491226 -0.4532809 -0.08232245	0.01028462 0.9983392 0.05668435 0.2334428	-0.4545071 -0.04582601 0.8895636 0.2741893	0 0 0 1	
-0.8954246 0.06124818 -0.4409801 -0.06857346	0.03054391 0.9966093 0.07639968 0.2611617	-0.4441642 -0.05494091 0.8942593 0.2891402	0 0 0 1	
-0.9002346 0.07707821 -0.4285292 -0.0524479	0.04075613 0.9948022 0.09331341 0.2796827	-0.4334943 -0.06653874 0.8986968 0.2912489	0 0 0 1	
-0.9052209 0.0776343 -0.4177898 -0.04150643	0.03687916 0.9938129 0.1047661 0.2978821	-0.4233383 -0.0794287 0.9024832 0.2923754	0 0 0 1	
-0.9052122 0.07260145 -0.4187124 -0.03644861	0.02866296 0.9934853 0.1102963 0.3153225	-0.4239923 -0.08784001 0.901396 0.2939939	0 0 0 1	
-0.9023377 0.06948639 -0.4253919 -0.0326959	0.02393336 0.9934747 0.1115136 0.3318529	-0.4303648 -0.0904419 0.8981127 0.2973055	0 0 0 1	
-0.9001967 0.06673495 -0.4303398 -0.02806797	0.02362331 0.9942167 0.1047623 0.3460662	-0.4348424 -0.08414059 0.896567 0.304328	0 0 0 1	
-0.8992549 0.06300296 -0.4328642 -0.02319126	0.02583909 0.995496 0.09121396 0.3597663	-0.4366614 -0.07083977 0.8968326 0.3072676	0 0 0 1	
-0.8994577 0.0650379 -0.4321409 -0.01418854	0.03688585 0.9966334 0.07322075 0.3693071	-0.4354481 -0.0499191 0.8988286 0.3210309	0 0 0 1	
-0.9005588 0.07380085 -0.4284247 -0.000706397	0.0555529 0.9969419 0.05496069 0.3771673	-0.4311706 -0.02569509 0.9019047 0.336446	0 0 0 1	
-0.9020427 0.0879408 -0.4225935 0.01657287	0.07882994 0.9961239 0.03902559 0.3844931	-0.4243875 -0.001889728 0.9054787 0.3517136	0 0 0 1	
-0.9060791 0.10045 -0.4110117 0.0361646	0.09758794 0.9948329 0.02800057 0.3938271	-0.4117006 0.01473905 0.9111999 0.3636461	0 0 0 1	
-0.9142236 0.1081321 -0.3905163 0.05761988	0.109439 0.9938123 0.01897833 0.4049859	-0.3901521 0.02538728 0.9204005 0.3720385	0 0 0 1	
-0.9235694 0.1116809 -0.3668061 0.07832392	0.1140979 0.9933538 0.01516157 0.4228312	-0.3660616 0.02784904 0.9301739 0.3742779	0 0 0 1	
-0.9333893 0.1064878 -0.3427026 0.09485447	0.1080232 0.9940402 0.01466427 0.4409772	-0.3422217 0.02333234 0.9393296 0.372626	0 0 0 1	
-0.9447924 0.09397867 -0.3139037 0.1088399	0.09280194 0.9955085 0.0187255 0.4631823	-0.3142536 0.01143917 0.9492702 0.3653942	0 0 0 1	
-0.9549541 0.07893834 -0.2860624 0.119953	0.07368943 0.996857 0.02908535 0.4884855	-0.2874592 -0.006695402 0.9577696 0.3532699	0 0 0 1	
-0.9621043 0.06527773 -0.264753 0.1284177	0.05453449 0.9973702 0.0477358 0.5159611	-0.2671728 -0.03148865 0.9631341 0.3365462	0 0 0 1	
-0.9667479 0.05745402 -0.2491945 0.1374244	0.04131425 0.9967243 0.06952546 0.5423521	-0.2523727 -0.0569183 0.9659548 0.3187212	0 0 0 1	
-0.9680997 0.0540437 -0.2446687 0.1369694	0.03309957 0.9954885 0.08892109 0.5662098	-0.2483705 -0.07798603 0.9655211 0.2948699	0 0 0 1	
-0.970938 0.05810281 -0.2321709 0.1512002	0.03629823 0.9946114 0.09711116 0.5842297	-0.2365623 -0.08586153 0.967815 0.2869226	0 0 0 1	
-0.9736075 0.06892449 -0.2175731 0.170565	0.048098 0.9938632 0.09961221 0.5984751	-0.2231036 -0.08651835 0.9709477 0.2831398	0 0 0 1	
-0.9755874 0.07973242 -0.2046271 0.1896204	0.06057787 0.9933182 0.09823073 0.6114838	-0.211092 -0.08343677 0.9738988 0.2818831	0 0 0 1	
-0.9786012 0.07909984 -0.1899559 0.202099	0.06252729 0.9938203 0.09171473 0.6264246	-0.1960366 -0.07787471 0.9774996 0.2817061	0 0 0 1	
-0.9806936 0.06682707 -0.1837785 0.2040137	0.05268787 0.9953387 0.08077614 0.644249	-0.1883199 -0.06953374 0.9796433 0.2845525	0 0 0 1	
-0.981997 0.04456919 -0.1835629 0.188585	0.0327373 0.9972163 0.06699173 0.6661665	-0.1860377 -0.05977633 0.9807225 0.2800682	0 0 0 1	
-0.9825454 0.01733805 -0.1852133 0.1757912	0.007754913 0.9985992 0.05234076 0.6875225	-0.1858613 -0.04999087 0.9813035 0.2846925	0 0 0 1	
-0.982595 -0.009489303 -0.185518 0.1624064	-0.01803863 0.9988487 0.04445008 0.7104281	-0.1848826 -0.04702292 0.981635 0.2838861	0 0 0 1	
-0.9815589 -0.02694125 -0.1892518 0.1538895	-0.03655136 0.9982035 0.04747356 0.7339658	-0.1876329 -0.05351551 0.9807802 0.2762836	0 0 0 1	
-0.9806343 -0.03259402 -0.1931181 0.153911	-0.04437256 0.9973886 0.05698242 0.7564299	-0.1907565 -0.06444804 0.9795197 0.2651412	0 0 0 1	
-0.9802755 -0.02873521 -0.1955362 0.1616877	-0.04266456 0.9968133 0.06740123 0.7766691	-0.1929763 -0.07441424 0.9783777 0.2548609	0 0 0 1	
-0.9805131 -0.01805115 -0.195623 0.1698511	-0.03387643 0.9963889 0.07785541 0.8039254	-0.1935112 -0.08296525 0.9775839 0.2360943	0 0 0 1	
-0.9813547 -0.009865453 -0.1919529 0.1826783	-0.02450227 0.996955 0.07402861 0.8183486	-0.1906381 -0.0773516 0.9786083 0.2386329	0 0 0 1	
-0.9825908 -0.006281585 -0.1856774 0.1920333	-0.0179847 0.9979504 0.06141238 0.830639	-0.1849111 -0.06368259 0.98069 0.2485236	0 0 0 1	
-0.9842694 -0.006621891 -0.1765513 0.1982988	-0.01451677 0.9989495 0.04346315 0.8413448	-0.176078 -0.04534239 0.9833317 0.2628248	0 0 0 1	
-0.986295 -0.003788201 -0.1649495 0.2075957	-0.008375756 0.999597 0.02712522 0.8504366	-0.1647802 -0.02813504 0.9859291 0.2763769	0 0 0 1	
-0.9884828 0.002485371 -0.1513144 0.2215639	0.000268727 0.9998924 0.01466795 0.8646347	-0.1513346 -0.01445835 0.9883771 0.2854248	0 0 0 1	
-0.9908924 0.005428958 -0.1345467 0.2315844	0.005143821 0.9999837 0.002466775 0.8727284	-0.1345579 -0.001752224 0.9909042 0.2944207	0 0 0 1	
-0.9931564 0.005352633 -0.1166697 0.23857	0.006151418 0.9999601 -0.006487549 0.8812687	-0.1166303 0.007160835 0.9931496 0.2998866	0 0 0 1	
-0.9952536 0.005404561 -0.09716735 0.245606	0.006411354 0.9999289 -0.01005219 0.889927	-0.09710612 0.01062745 0.9952174 0.2999696	0 0 0 1	
-0.9971089 0.007339139 -0.07563163 0.2545949	0.007958663 0.9999372 -0.007893183 0.8983495	-0.07556896 0.008472289 0.9971048 0.2941345	0 0 0 1	
-0.9985265 0.007833692 -0.05369873 0.2620181	0.007952434 0.9999664 -0.001997926 0.9070439	-0.05368128 0.002422018 0.9985552 0.2842358	0 0 0 1	
-0.999447 0.004579052 -0.03293736 0.265317	0.004449586 0.9999821 0.004002906 0.9157342	-0.0329551 -0.003854135 0.9994495 0.2740764	0 0 0 1	
-0.9998535 0.003026226 -0.01684392 0.2644797	0.002791964 0.9998993 0.01391398 0.9272725	-0.01688433 -0.01386492 0.9997613 0.2593611	0 0 0 1	
-0.9999958 0.002945429 -0.0003819891 0.2694393	0.002933683 0.9996098 0.02777743 0.9346225	-0.0004636564 -0.02777618 0.9996142 0.2424204	0 0 0 1	
-0.9998993 -0.0003121499 0.01420469 0.2706721	0.0003121499 0.9990347 0.04392682 0.9423004	0.01420469 -0.04392682 0.9989339 0.2235144	0 0 0 1	
-0.9995886 -0.007480763 0.02769062 0.2678608	-0.005767361 0.9980937 0.06144733 0.9505154	0.02809751 -0.06126234 0.9977262 0.2034178	0 0 0 1	
-0.9992441 -0.01592229 0.03546437 0.2627625	-0.01304752 0.9967202 0.07986624 0.9588836	0.03661971 -0.07934315 0.9961746 0.1840807	0 0 0 1	
-0.9990485 -0.02136442 0.03802254 0.2595837	-0.01765059 0.9952766 0.09546206 0.9654393	0.03988244 -0.09470011 0.9947066 0.1691111	0 0 0 1	
-0.9989891 -0.02255999 0.03888206 0.2594071	-0.01806627 0.9935125 0.1122787 0.9819774	0.04116281 -0.1114627 0.9929157 0.1500222	0 0 0 1	
-0.9988618 -0.0237007 0.0413947 0.2602025	-0.01833265 0.9919171 0.125556 0.9847782	0.04403588 -0.1246542 0.9912226 0.1375363	0 0 0 1	
-0.9987283 -0.02532255 0.04359451 0.2601188	-0.01917851 0.9905244 0.1359915 0.9865241	0.04662507 -0.1349825 0.9897504 0.1283196	0 0 0 1	
-0.9984642 -0.02913292 0.04712557 0.2577746	-0.0221107 0.9894457 0.1432068 0.9881781	0.05080022 -0.1419448 0.9885703 0.1223136	0 0 0 1	
-0.9979097 -0.0389334 0.05158689 0.249111	-0.03111403 0.9890093 0.1445427 0.9908349	0.05664745 -0.1426355 0.9881532 0.1225086	0 0 0 1	
-0.9969722 -0.05318522 0.05672633 0.2356261	-0.0449289 0.9894104 0.1380161 0.9936659	0.06346604 -0.1350496 0.9888042 0.1311752	0 0 0 1	
-0.9959306 -0.06490858 0.06252654 0.2279088	-0.05667651 0.9904783 0.1254616 1.018508	0.07007471 -0.1214072 0.9901264 0.1354577	0 0 0 1	
-0.9949396 -0.0731715 0.06885806 0.2207571	-0.06574908 0.9923496 0.1044954 1.017999	0.07597736 -0.09943923 0.9921389 0.1594493	0 0 0 1	
-0.9942743 -0.07680339 0.07429711 0.2183542	-0.07068458 0.9941432 0.08174898 1.015653	0.08014057 -0.07602925 0.9938799 0.1853711	0 0 0 1	
-0.9934343 -0.08015003 0.08163737 0.2168049	-0.07525925 0.9952766 0.06132418 1.013121	0.08616689 -0.05477756 0.9947739 0.2082031	0 0 0 1	
-0.992353 -0.08301405 0.09134727 0.2162584	-0.07920852 0.995863 0.04453127 1.010819	0.09466609 -0.03695525 0.994823 0.2264048	0 0 0 1	
-0.9909885 -0.08590738 0.1027706 0.2159306	-0.08315805 0.9960618 0.03075201 1.008968	0.1050076 -0.02192869 0.9942297 0.2408297	0 0 0 1	
-0.9898754 -0.08681186 0.112297 0.219252	-0.08528927 0.9961882 0.01830145 1.020724	0.1134577 -0.008538425 0.9935063 0.2498803	0 0 0 1	
-0.9884005 -0.08783239 0.1238963 0.2209949	-0.08751394 0.996131 0.008020977 1.019501	0.1241215 0.002914717 0.9922628 0.2600144	0 0 0 1	
-0.9873643 -0.08570348 0.1332934 0.2255006	-0.08663108 0.9962398 -0.001164291 1.01769	0.1326925 0.01269693 0.9910761 0.2688694	0 0 0 1	
-0.9863183 -0.08320911 0.1423125 0.2301849	-0.0852661 0.9963228 -0.008406585 1.015923	0.1410896 0.02042599 0.9897863 0.2754565	0 0 0 1	
-0.9851823 -0.08258368 0.1503188 0.2324739	-0.08563234 0.9962297 -0.01391147 1.014659	0.1486032 0.02657749 0.9885397 0.2805055	0 0 0 1	
-0.9841741 -0.08415574 0.1559464 0.2317009	-0.08796391 0.9959669 -0.01766927 1.0141	0.1538305 0.03110729 0.9876076 0.2844504	0 0 0 1	
-0.9838753 -0.08502419 0.1573549 0.2306506	-0.08933266 0.9957908 -0.0205007 1.02047	0.1549495 0.03422707 0.9873294 0.2848929	0 0 0 1	
-0.9834501 -0.08611997 0.1594034 0.2295866	-0.09052076 0.9956827 -0.02054211 1.020491	0.1569462 0.03463145 0.9869999 0.2851735	0 0 0 1	
-0.9832267 -0.086086 0.1607935 0.2295812	-0.08997842 0.9957974 -0.01707134 1.021013	0.1586481 0.03125294 0.9868404 0.2813621	0 0 0 1	
-0.9833635 -0.08240331 0.1618828 0.2334804	-0.08505469 0.9963309 -0.009505078 1.021689	0.1605056 0.02311583 0.9867643 0.2723943	0 0 0 1	
-0.9837075 -0.07407358 0.1638069 0.2426197	-0.07494769 0.9971871 0.0008461801 1.021745	0.1634088 0.01144455 0.9864922 0.2594111	0 0 0 1	
-0.9841146 -0.06383275 0.1656621 0.2537758	-0.06267054 0.9979592 0.01223879 1.021184	0.1661052 -0.001662239 0.9861068 0.2450918	0 0 0 1	
-0.9845808 -0.0539091 0.1664187 0.2656722	-0.05083099 0.9984492 0.02270359 1.029092	0.1673846 -0.01389429 0.9857941 0.2257208	0 0 0 1	
-0.9849093 -0.04699672 0.1665683 0.2728854	-0.04266631 0.9986542 0.0294836 1.028211	0.1677298 -0.02193181 0.985589 0.2175821	0 0 0 1	
-0.9851975 -0.03996879 0.1666982 0.2802629	-0.03510388 0.9988703 0.03203021 1.026491	0.1677901 -0.02570432 0.9854876 0.214223	0 0 0 1	
-0.9856333 -0.03396491 0.1654502 0.2863343	-0.02925442 0.9990966 0.03082561 1.02431	0.1663477 -0.02554259 0.9857364 0.2156814	0 0 0 1	
-0.9861902 -0.03075369 0.1627368 0.2891703	-0.02665764 0.9992719 0.02729435 1.02237	0.1634578 -0.02257924 0.986292 0.2206357	0 0 0 1	
-0.9866914 -0.02984247 0.1598432 0.289598	-0.02642762 0.9993757 0.0234476 1.020869	0.1604431 -0.01891126 0.9868641 0.2263166	0 0 0 1	
-0.9869553 -0.02764957 0.1586024 0.2938663	-0.024655 0.9994792 0.02081806 1.026142	0.1590954 -0.01663615 0.987123 0.2207906	0 0 0 1	
-0.9872977 -0.0264499 0.156665 0.2951701	-0.0238465 0.9995449 0.01847433 1.024977	0.1570824 -0.01450375 0.9874791 0.2240494	0 0 0 1	
-0.9875027 -0.0261571 0.1554182 0.2956358	-0.02389678 0.99958 0.0163944 1.024218	0.1557818 -0.01247551 0.987713 0.2268704	0 0 0 1	
-0.9876924 -0.02453436 0.1544737 0.2975908	-0.02239745 0.9996281 0.01555898 1.023261	0.1547979 -0.01190767 0.9878745 0.2279595	0 0 0 1	
-0.988083 -0.02089892 0.1524983 0.3015035	-0.0184815 0.9996803 0.01725258 1.022153	0.1528102 -0.01422858 0.9881533 0.2262467	0 0 0 1	
-0.988492 -0.01771246 0.1502329 0.3048504	-0.01470605 0.9996692 0.02109916 1.021612	0.1505569 -0.01864702 0.9884255 0.2223236	0 0 0 1	
-0.9885255 -0.01426972 0.1503785 0.3098519	-0.01026118 0.9995719 0.02739865 1.025257	0.1507051 -0.0255412 0.9882488 0.2034883	0 0 0 1	
-0.9887633 -0.01275319 0.1489444 0.3115415	-0.007705593 0.9993778 0.0344172 1.025738	0.1492907 -0.03288276 0.9882466 0.1957381	0 0 0 1	
-0.988904 -0.009944236 0.148223 0.3147569	-0.003555475 0.9990556 0.04330517 1.02613	0.1485136 -0.04229765 0.9880054 0.1855494	0 0 0 1	
-0.9890765 -0.006649535 0.1472531 0.318403	0.001142296 0.9986062 0.05276687 1.026434	0.1473987 -0.05235868 0.9876903 0.1748176	0 0 0 1	
-0.9892553 -0.004043509 0.1461423 0.3212047	0.005016977 0.9980898 0.06157597 1.026752	0.1461122 -0.06164755 0.9873453 0.1650282	0 0 0 1	
-0.9891773 -0.001305048 0.1467202 0.3244667	0.008953518 0.9975601 0.06923708 1.026696	0.1464526 -0.0698014 0.9867522 0.1559645	0 0 0 1	
-0.9886009 0.002655551 0.1505381 0.3290393	0.01413511 0.9970654 0.07523827 1.025973	0.1498965 -0.07650848 0.9857372 0.1410547	0 0 0 1	
-0.9883186 0.004291191 0.1523423 0.3312557	0.0164051 0.9967909 0.07835014 1.025676	0.1515172 -0.07993408 0.9852173 0.1366614	0 0 0 1	
-0.988116 0.004142234 0.1536546 0.3313314	0.01643241 0.9967548 0.07880226 1.025831	0.1528296 -0.08039068 0.9849775 0.1357299	0 0 0 1	
-0.987839 0.004295196 0.1554216 0.3317827	0.01656396 0.9968368 0.07772997 1.02562	0.1545961 -0.07935908 0.9847854 0.1364048	0 0 0 1	
-0.9875222 0.005003663 0.1574003 0.3329378	0.01721102 0.9969372 0.07628912 1.025063	0.1565365 -0.07804623 0.9845839 0.1374245	0 0 0 1	
-0.9873296 0.00569863 0.1585807 0.3340289	0.01769328 0.9970768 0.07432889 1.024487	0.1576936 -0.07619292 0.9845443 0.1393181	0 0 0 1	
-0.9873284 0.005906221 0.1585822 0.3325162	0.0174717 0.9972778 0.07163574 1.023374	0.1577275 -0.07349868 0.984744 0.1374277	0 0 0 1	
-0.987216 0.006019483 0.1592748 0.3329493	0.01730292 0.9974284 0.06955098 1.022936	0.1584465 -0.07141776 0.9847814 0.1394528	0 0 0 1	
-0.9868354 0.007365928 0.1615604 0.3350224	0.01888854 0.9973751 0.06990129 1.022325	0.1606214 -0.0720327 0.9843842 0.1379977	0 0 0 1	
-0.9864969 0.007265052 0.1636209 0.335436	0.01928623 0.997218 0.07200152 1.022538	0.1626427 -0.07418488 0.9838926 0.134926	0 0 0 1	
-0.9862705 0.006169588 0.1650235 0.3345824	0.01877629 0.9970111 0.07494295 1.02327	0.1640679 -0.07701255 0.9834385 0.1313702	0 0 0 1	
-0.9860456 0.006213473 0.1663593 0.3349124	0.01953586 0.9967175 0.07856596 1.023653	0.165325 -0.08071959 0.9829303 0.1269855	0 0 0 1	
-0.985749 0.00671027 0.1680883 0.3357932	0.02085239 0.9963719 0.08251196 1.023838	0.1669248 -0.08484113 0.9823126 0.1221089	0 0 0 1	
-0.9853688 0.00633218 0.1703178 0.333784	0.02131115 0.9960444 0.08626352 1.023939	0.1690978 -0.08863104 0.9816061 0.1150301	0 0 0 1	
-0.9851788 0.006187661 0.1714205 0.3337431	0.02153018 0.9959064 0.08778845 1.024194	0.1701756 -0.09017801 0.9812791 0.1132239	0 0 0 1	
-0.9851043 0.00556403 0.1718682 0.3331107	0.02072854 0.9960305 0.08656531 1.024372	0.1707044 -0.08883844 0.9813093 0.1147798	0 0 0 1	
-0.9849566 0.005600125 0.1727127 0.3333389	0.02043102 0.9962383 0.08421272 1.024088	0.1715914 -0.08647455 0.9813659 0.1173354	0 0 0 1	
-0.9846419 0.005228062 0.1745078 0.3333057	0.01992994 0.9963833 0.08260205 1.023905	0.1734448 -0.08481137 0.981185 0.1188003	0 0 0 1	
-0.9842831 0.003002096 0.1765725 0.3301003	0.01775129 0.9964734 0.08201043 1.025116	0.1757036 -0.08385587 0.9808652 0.117082	0 0 0 1	
-0.9837373 0.002037745 0.1796014 0.3295349	0.01717672 0.99642 0.08277737 1.025476	0.1787898 -0.08451615 0.9802506 0.115552	0 0 0 1	
-0.983157 0.001344799 0.1827577 0.3292845	0.01685744 0.9963774 0.08335398 1.025776	0.1819835 -0.08503088 0.9796182 0.1141615	0 0 0 1	
-0.9827406 0.000308584 0.1849886 0.3284976	0.01583088 0.9964705 0.08243835 1.026085	0.1843103 -0.08394405 0.9792769 0.1148594	0 0 0 1	
-0.9823716 0.0008505681 0.1869367 0.3294028	0.01603833 0.996686 0.07974814 1.025675	0.1862493 -0.08134046 0.9791297 0.1173966	0 0 0 1	
-0.9819343 0.002851682 0.1892008 0.3319602	0.01759972 0.9969285 0.07631493 1.024674	0.188402 -0.07826613 0.9789684 0.1204181	0 0 0 1	
-0.9815917 0.003153061 0.190966 0.3325465	0.01734982 0.9972018 0.07271557 1.024291	0.1902024 -0.07469022 0.9788997 0.1241712	0 0 0 1	
-0.9817026 -0.00109482 0.1904184 0.3258213	0.01234051 0.9975156 0.06935678 1.025362	0.1900213 -0.07043757 0.9792501 0.126816	0 0 0 1	
-0.9817457 -0.005796317 0.1901106 0.3206085	0.00733242 0.9976391 0.06828238 1.026913	0.1900576 -0.0684299 0.9793855 0.1293812	0 0 0 1	
-0.9818922 -0.009464508 0.1892038 0.3164496	0.003397048 0.9977109 0.06753764 1.028097	0.1894099 -0.06695742 0.9796125 0.1315364	0 0 0 1	
-0.9819825 -0.01114182 0.188643 0.3145415	0.001377158 0.9978119 0.06610256 1.028488	0.1889667 -0.06517135 0.9798185 0.133935	0 0 0 1	
-0.9820002 -0.01269603 0.1884543 0.3128449	-0.0005198712 0.9979163 0.06451998 1.028816	0.1888807 -0.06326064 0.9799606 0.1363509	0 0 0 1	
-0.9821105 -0.01495257 0.1877122 0.3102175	-0.002792178 0.9978892 0.0648801 1.030612	0.1882861 -0.06319528 0.9800792 0.1374513	0 0 0 1	
-0.9820006 -0.01748968 0.188066 0.3074133	-0.005292344 0.9978606 0.06516419 1.031599	0.1888034 -0.06299596 0.9799923 0.1377742	0 0 0 1	
-0.9818501 -0.02049692 0.1885486 0.3040565	-0.008571134 0.9979227 0.06384971 1.032523	0.1894657 -0.06107476 0.9799862 0.1400065	0 0 0 1	
-0.9816763 -0.02327533 0.1891301 0.3009769	-0.01187535 0.9980556 0.06118712 1.033148	0.1901865 -0.05781995 0.980044 0.1437209	0 0 0 1	
-0.9814991 -0.02552162 0.1897587 0.2985302	-0.01469604 0.9981945 0.05823912 1.033526	0.1909025 -0.05437293 0.9801019 0.1476416	0 0 0 1	
-0.9812196 -0.02496332 0.1912715 0.2993359	-0.01458136 0.9983525 0.05549535 1.032991	0.1923417 -0.05166413 0.9799671 0.1504693	0 0 0 1	
-0.9810874 -0.02323465 0.1921663 0.3013343	-0.01324919 0.9985021 0.05308544 1.032094	0.1931118 -0.0495354 0.9799256 0.1528521	0 0 0 1	
-0.9812115 -0.02152585 0.191731 0.3024904	-0.01199663 0.9986407 0.05072396 1.031986	0.1925623 -0.0474708 0.9801359 0.1564672	0 0 0 1	
-0.9812945 -0.0209267 0.1913726 0.3031917	-0.01168331 0.9987156 0.04930205 1.031635	0.1921585 -0.04614396 0.9802786 0.1582618	0 0 0 1	
-0.9812872 -0.02134904 0.1913632 0.302822	-0.01236828 0.9987706 0.04800277 1.031513	0.1921528 -0.04473767 0.9803449 0.1600255	0 0 0 1	
-0.9813309 -0.02165749 0.1911043 0.3024998	-0.01308174 0.9988547 0.04602286 1.031197	0.1918822 -0.04266367 0.9804903 0.1626244	0 0 0 1	
-0.9814491 -0.02100943 0.1905699 0.3032154	-0.01279463 0.9989392 0.04423506 1.030717	0.1912971 -0.04097618 0.9806768 0.1648877	0 0 0 1	
-0.9817706 -0.0203993 0.1889729 0.3027488	-0.0122491 0.9989477 0.04419699 1.032245	0.1896757 -0.04107654 0.9809874 0.1674779	0 0 0 1	
-0.9818469 -0.01990721 0.1886276 0.3033195	-0.01183984 0.9989702 0.0437995 1.032091	0.1893053 -0.04077108 0.9810715 0.1680483	0 0 0 1	
-0.981945 -0.01934979 0.1881748 0.3039513	-0.01128889 0.9989759 0.04381514 1.032007	0.1888299 -0.04089976 0.9811579 0.1681689	0 0 0 1	
-0.9820671 -0.01990619 0.1874786 0.3032894	-0.01177166 0.9989443 0.04440304 1.032452	0.1881646 -0.04139982 0.9812647 0.1679695	0 0 0 1	
-0.9820697 -0.02407755 0.1869755 0.298618	-0.015757 0.9988236 0.0458603 1.03418	0.1878598 -0.04209183 0.9812938 0.1674899	0 0 0 1	
-0.9818853 -0.02999052 0.1870885 0.2920995	-0.02148475 0.9986483 0.04732745 1.036399	0.188255 -0.04245058 0.9812025 0.1671916	0 0 0 1	
-0.981891 -0.03420965 0.1863324 0.2874358	-0.02562387 0.9985045 0.04829349 1.038153	0.1877058 -0.04264439 0.9812992 0.1656182	0 0 0 1	
-0.9820621 -0.03658625 0.1849746 0.2846481	-0.02810302 0.9984385 0.04827802 1.039024	0.186452 -0.04221367 0.9815568 0.1667077	0 0 0 1	
-0.9822383 -0.03913287 0.1835127 0.2816662	-0.03082023 0.9983749 0.04793386 1.039805	0.1850903 -0.04142656 0.9818481 0.1682118	0 0 0 1	
-0.9824469 -0.04165355 0.1818333 0.2786865	-0.03358628 0.9983195 0.04722357 1.040473	0.1834948 -0.04028754 0.982195 0.1701793	0 0 0 1	
-0.982765 -0.04165744 0.1801042 0.2785039	-0.03366529 0.9983176 0.04720762 1.040563	0.1817677 -0.04033074 0.982514 0.170904	0 0 0 1	
-0.9831818 -0.040447 0.1780948 0.279664	-0.03231366 0.9983083 0.04833595 1.040773	0.1797486 -0.04176813 0.9828255 0.1698742	0 0 0 1	
-0.983548 -0.04045503 0.1760586 0.2793363	-0.03225638 0.9982687 0.04918417 1.04107	0.1777436 -0.04269598 0.9831502 0.1697969	0 0 0 1	
-0.9838378 -0.04177977 0.1741195 0.2775135	-0.03359719 0.9981999 0.04968066 1.041729	0.1758817 -0.04302778 0.9834704 0.1703739	0 0 0 1	
-0.9841645 -0.04435673 0.1716186 0.274156	-0.03636947 0.9981162 0.04940974 1.042581	0.1734869 -0.04238563 0.9839238 0.172223	0 0 0 1	
-0.9844515 -0.04685399 0.1692923 0.2709543	-0.03911124 0.9980432 0.0487865 1.043229	0.1712469 -0.04140672 0.9843577 0.1743568	0 0 0 1	
-0.9847946 -0.04872157 0.1667517 0.2684956	-0.04110117 0.99796 0.04885091 1.0438	0.1687916 -0.04125442 0.9847882 0.1756085	0 0 0 1	
-0.9851162 -0.05022493 0.1643881 0.266565	-0.04264053 0.997871 0.04934745 1.044402	0.1665166 -0.04160338 0.9851606 0.1762003	0 0 0 1	
-0.9854274 -0.05077451 0.1623426 0.2647673	-0.04314591 0.9978079 0.05017814 1.045325	0.1645345 -0.04244248 0.985458 0.1764726	0 0 0 1	
-0.9855655 -0.04937436 0.1619362 0.2663996	-0.04180302 0.9978822 0.04983562 1.044932	0.1640538 -0.04234684 0.9855423 0.1769611	0 0 0 1	
-0.9857116 -0.04715349 0.1617076 0.268973	-0.03987216 0.998052 0.04798286 1.044074	0.1636552 -0.04084963 0.9856716 0.1790292	0 0 0 1	
-0.9857993 -0.04541 0.1616716 0.2710421	-0.03856768 0.9982326 0.04521354 1.043185	0.163439 -0.03833617 0.9858084 0.1821685	0 0 0 1	
-0.9856715 -0.04489538 0.1625922 0.2719297	-0.03872602 0.9984118 0.04091801 1.042356	0.164171 -0.03403516 0.9858446 0.1869245	0 0 0 1	
-0.9855223 -0.0428461 0.164044 0.2746099	-0.03763305 0.998687 0.03475675 1.040753	0.1653178 -0.02808007 0.9858407 0.1933866	0 0 0 1	
-0.9855589 -0.0388133 0.1648258 0.279259	-0.03453473 0.99899 0.02874602 1.038477	0.165775 -0.02263867 0.9859039 0.1983915	0 0 0 1	
-0.9854712 -0.03480827 0.1662379 0.2840981	-0.0312936 0.9992288 0.02371593 1.036378	0.1669352 -0.01816918 0.9858006 0.2031946	0 0 0 1	
-0.9853612 -0.03381503 0.1670931 0.2854436	-0.03068028 0.9993021 0.02130717 1.035547	0.167697 -0.01586879 0.985711 0.2057512	0 0 0 1	
-0.9852962 -0.03354694 0.1675297 0.2858585	-0.0304205 0.9993125 0.02119434 1.035435	0.1681255 -0.01578637 0.9856393 0.2059444	0 0 0 1	
-0.9852954 -0.03237455 0.1677646 0.2872217	-0.02902727 0.9993284 0.02236686 1.0354	0.168376 -0.01716821 0.9855734 0.2045431	0 0 0 1	
-0.9851599 -0.03290206 0.168456 0.286811	-0.02924597 0.9992807 0.02413948 1.035949	0.1691291 -0.01885458 0.9854136 0.2026205	0 0 0 1	
-0.9850117 -0.03427046 0.16905 0.2847451	-0.03026151 0.9991977 0.02623498 1.037385	0.1698135 -0.02072604 0.9852585 0.199628	0 0 0 1	
-0.9848528 -0.03480113 0.1698642 0.2843475	-0.03063084 0.999163 0.02711067 1.037716	0.1706656 -0.02149693 0.9850944 0.1986102	0 0 0 1	
-0.9846345 -0.03477976 0.1711303 0.2847129	-0.0304873 0.9991527 0.02764826 1.037837	0.1719469 -0.02200613 0.9848605 0.1977584	0 0 0 1	
-0.9844989 -0.03383962 0.1720968 0.2860635	-0.0295051 0.9991812 0.02768316 1.037566	0.1728926 -0.0221763 0.9846911 0.197414	0 0 0 1	
-0.9843823 -0.03349045 0.1728294 0.2866956	-0.02916353 0.9991959 0.02751535 1.037442	0.1736119 -0.02204531 0.9845674 0.1975071	0 0 0 1	
-0.9841044 -0.03587836 0.1739291 0.2843121	-0.03140306 0.9991028 0.0284155 1.03836	0.1747926 -0.02250191 0.9843481 0.1968318	0 0 0 1	
-0.9838653 -0.03940266 0.174519 0.2804409	-0.03441418 0.9989105 0.0315199 1.041121	0.1755708 -0.02500541 0.9841493 0.193409	0 0 0 1	
-0.9836546 -0.04186783 0.1751305 0.277801	-0.03637321 0.9987437 0.0344689 1.04246	0.1763536 -0.02753543 0.9839417 0.1904145	0 0 0 1	
-0.9835739 -0.04235696 0.1754658 0.2773843	-0.03640185 0.9986513 0.037021 1.043211	0.1767972 -0.03002561 0.9837892 0.18751	0 0 0 1	
-0.9834633 -0.04146041 0.1762999 0.2786807	-0.03501337 0.998605 0.03952483 1.043532	0.1776927 -0.03269836 0.983543 0.1842627	0 0 0 1	
-0.9833641 -0.0402319 0.1771345 0.2803619	-0.03369865 0.9986417 0.03973936 1.043279	0.1784926 -0.03310907 0.9833841 0.1836525	0 0 0 1	
-0.9833883 -0.03923252 0.1772253 0.2812504	-0.03270878 0.9986807 0.03958428 1.043973	0.1785444 -0.03312988 0.9833741 0.1827773	0 0 0 1	
-0.9831759 -0.03955439 0.178328 0.2811829	-0.03299644 0.9986709 0.0395929 1.044079	0.1796571 -0.03304258 0.9831743 0.1825393	0 0 0 1	
-0.9826839 -0.04222479 0.1804146 0.2785996	-0.03541526 0.9985394 0.04080111 1.045054	0.1818739 -0.03370516 0.982744 0.1810767	0 0 0 1	
-0.9821199 -0.04603578 0.182542 0.2746784	-0.03921981 0.9983982 0.04077687 1.04607	0.1841268 -0.0328885 0.9823523 0.1813193	0 0 0 1	
-0.9815792 -0.0495689 0.1845133 0.2710462	-0.0428211 0.9982664 0.04038007 1.046904	0.1861951 -0.03173518 0.9820001 0.1820576	0 0 0 1	
-0.981102 -0.05253847 0.1862222 0.2680168	-0.04592292 0.9981571 0.03966538 1.047517	0.187963 -0.03036391 0.9817067 0.1831502	0 0 0 1	
-0.9806378 -0.05509849 0.18792 0.2654643	-0.04862821 0.9980602 0.03887264 1.047997	0.1896973 -0.02898176 0.9814149 0.1842756	0 0 0 1	
-0.9804224 -0.05642397 0.1886489 0.2634625	-0.0499974 0.998001 0.03865701 1.048598	0.190453 -0.02846824 0.9812834 0.1836985	0 0 0 1	
-0.9802999 -0.05636666 0.189301 0.2637104	-0.04988481 0.9979996 0.03883667 1.04859	0.1911114 -0.02862834 0.9811509 0.1833835	0 0 0 1	
-0.9802879 -0.05504055 0.1897548 0.2654024	-0.04837559 0.9980446 0.03958233 1.048387	0.1915624 -0.02962256 0.9810337 0.1821733	0 0 0 1	
-0.980328 -0.05351309 0.1899835 0.2672811	-0.04666218 0.9980952 0.04035571 1.048138	0.1917812 -0.03069679 0.9809577 0.1809541	0 0 0 1	
-0.9803672 -0.05321419 0.1898644 0.267648	-0.04632375 0.9981031 0.04054982 1.048084	0.1916621 -0.03095848 0.9809725 0.1808048	0 0 0 1	
-0.9803728 -0.054481 0.1894764 0.2661247	-0.04773528 0.9980593 0.03998864 1.048277	0.1912873 -0.03015906 0.9810708 0.1819821	0 0 0 1	
-0.9804024 -0.05616926 0.1888286 0.2637065	-0.04954192 0.9979851 0.03963948 1.049221	0.1906747 -0.02950771 0.9812096 0.1827326	0 0 0 1	
-0.9803551 -0.0570301 0.1888166 0.2627082	-0.05051195 0.9979554 0.03915892 1.049317	0.1906638 -0.02885214 0.9812315 0.1835555	0 0 0 1	
-0.9803401 -0.05752607 0.1887438 0.2621258	-0.05108268 0.9979392 0.03883113 1.049355	0.1905887 -0.02842617 0.9812584 0.1841415	0 0 0 1	
-0.9804306 -0.05798542 0.1881321 0.2614658	-0.05166656 0.9979288 0.03832337 1.049351	0.1899647 -0.02785327 0.9813958 0.1850903	0 0 0 1	
-0.9806504 -0.05833581 0.1868739 0.2607881	-0.05222236 0.9979321 0.03747607 1.049261	0.1886737 -0.02699192 0.9816688 0.1866123	0 0 0 1	
-0.9809389 -0.05849645 0.1853044 0.2602691	-0.05269168 0.9979581 0.03610111 1.049022	0.1870378 -0.02564897 0.9820181 0.1888139	0 0 0 1	
-0.9811789 -0.05863975 0.1839822 0.2598261	-0.05302833 0.9979697 0.03527748 1.048885	0.1856773 -0.02485725 0.9822963 0.1902883	0 0 0 1	
-0.9817388 -0.0581523 0.181129 0.2593723	-0.0525445 0.9979835 0.03561036 1.04938	0.1828345 -0.02544274 0.9828147 0.1902039	0 0 0 1	
-0.9823197 -0.05672858 0.1784092 0.2604447	-0.05104576 0.9980369 0.0362871 1.049203	0.1801175 -0.02653849 0.983287 0.1899187	0 0 0 1	
-0.9829179 -0.05490262 0.1756659 0.2619806	-0.04915927 0.9981096 0.03688437 1.048909	0.1773589 -0.02761869 0.9837588 0.1896629	0 0 0 1	
-0.9838535 -0.05308225 0.1709238 0.263047	-0.04734689 0.9981758 0.03746124 1.048623	0.1726005 -0.02876366 0.9845721 0.1900105	0 0 0 1	
-0.9846944 -0.05172707 0.166439 0.2636206	-0.04608051 0.9982293 0.03761309 1.048361	0.1680899 -0.02936779 0.9853344 0.1909003	0 0 0 1	
-0.9843413 -0.05056807 0.1688653 0.2656063	-0.04461341 0.9982476 0.03887501 1.048498	0.1705353 -0.03073261 0.9848723 0.1876147	0 0 0 1	
-0.9842253 -0.04796809 0.1702933 0.2689804	-0.04161218 0.9983045 0.04070036 1.048187	0.1719569 -0.03297205 0.9845525 0.1845239	0 0 0 1	
-0.9840618 -0.04514898 0.1720002 0.2726768	-0.03815298 0.998313 0.04376694 1.048029	0.173686 -0.03650705 0.9841243 0.1798178	0 0 0 1	
-0.9840209 -0.04380809 0.1725793 0.2743918	-0.03610011 0.9982162 0.04755308 1.048365	0.1743547 -0.0405631 0.9838471 0.174864	0 0 0 1	
-0.9840248 -0.04442247 0.1724003 0.2736477	-0.03608069 0.9980353 0.05122323 1.04919	0.174337 -0.04418461 0.9836942 0.1706591	0 0 0 1	
-0.9840287 -0.04537914 0.1721302 0.2724778	-0.03660389 0.9978796 0.05381778 1.049904	0.1742074 -0.04665759 0.9836032 0.1678324	0 0 0 1	
-0.9840159 -0.04499249 0.1723028 0.273257	-0.03599553 0.9978378 0.05499058 1.049654	0.1744044 -0.04790948 0.9835079 0.1652069	0 0 0 1	
-0.983946 -0.0436523 0.1730457 0.2750276	-0.03462759 0.9978949 0.05483368 1.049261	0.175075 -0.04796122 0.9833863 0.1649338	0 0 0 1	
-0.9838505 -0.04313626 0.1737174 0.2758197	-0.03427456 0.997969 0.0536942 1.048919	0.1756807 -0.04687297 0.9833308 0.1660182	0 0 0 1	
-0.983779 -0.04370723 0.1739785 0.2752492	-0.0351694 0.998035 0.05185946 1.048756	0.1759033 -0.04489953 0.9833829 0.1682773	0 0 0 1	
-0.983685 -0.04426295 0.1743694 0.2747226	-0.0361543 0.9981241 0.04940932 1.048477	0.1762293 -0.042299 0.9834399 0.1712345	0 0 0 1	
-0.9836844 -0.04404598 0.1744276 0.2750267	-0.03638385 0.9982374 0.04688547 1.047962	0.1761852 -0.03977416 0.9835532 0.1742245	0 0 0 1	
-0.9836384 -0.04433584 0.1746132 0.2746388	-0.03654079 0.9981975 0.04760808 1.047539	0.1764092 -0.04044864 0.9834855 0.1722406	0 0 0 1	
-0.9836196 -0.04443265 0.1746945 0.274585	-0.03635884 0.9981294 0.04915018 1.047809	0.1765516 -0.04199339 0.9833952 0.1704476	0 0 0 1	
-0.98359 -0.04448359 0.1748484 0.2746022	-0.03625973 0.9980932 0.04995218 1.047935	0.1767371 -0.04279251 0.9833274 0.1695117	0 0 0 1	
-0.9835769 -0.04468681 0.1748702 0.2744144	-0.03645475 0.9980832 0.05000909 1.047974	0.1767697 -0.04281294 0.9833207 0.1695435	0 0 0 1	
-0.9836181 -0.04492549 0.1745788 0.2741147	-0.03680803 0.9980975 0.04946183 1.047923	0.1764688 -0.04222564 0.9834005 0.1704079	0 0 0 1	
-0.9837132 -0.04497091 0.1740294 0.2739826	-0.03708456 0.9981439 0.04830721 1.047716	0.1758788 -0.04106663 0.983555 0.1720475	0 0 0 1	
-0.983831 -0.04485617 0.1733922 0.2737014	-0.03735178 0.9982288 0.04630477 1.046881	0.1751622 -0.03907954 0.9837639 0.1744553	0 0 0 1	
-0.983822 -0.04580727 0.1731947 0.2725671	-0.03825971 0.9981773 0.04667027 1.047183	0.1750169 -0.03928885 0.9837815 0.1743765	0 0 0 1	
-0.9838841 -0.04596395 0.1727986 0.2723157	-0.03845803 0.9981759 0.04653895 1.047186	0.1746225 -0.03914345 0.9838572 0.1747963	0 0 0 1	
-0.9838933 -0.04560619 0.1728431 0.2727709	-0.0381117 0.998194 0.04643511 1.047058	0.1746487 -0.03909983 0.9838544 0.1749619	0 0 0 1	
-0.9838796 -0.04529136 0.173002 0.2732031	-0.03772697 0.9981931 0.04676666 1.047021	0.1748075 -0.03948593 0.9838105 0.1745903	0 0 0 1	
-0.9838762 -0.04500249 0.1730963 0.2735923	-0.03743862 0.9982063 0.04671849 1.046921	0.1748883 -0.03948472 0.9837962 0.174703	0 0 0 1	
-0.9839091 -0.0453239 0.1728273 0.2727962	-0.03768467 0.9981729 0.04723103 1.047077	0.1746522 -0.03995809 0.9838194 0.1741612	0 0 0 1	
-0.983966 -0.0454238 0.1724756 0.2726242	-0.03785205 0.9981803 0.04694007 1.047054	0.174294 -0.03965887 0.9838948 0.1747536	0 0 0 1	
-0.9842521 -0.04516346 0.1709049 0.2726006	-0.03785783 0.9982345 0.04576862 1.04679	0.1726702 -0.03857776 0.9842241 0.1767061	0 0 0 1	
