-1.192093E-07 1 0 0	-1 -1.192093E-07 0 0	0 0 -1 0	0 0 0 1	
0.4469374 -0.0458125 -0.8933914 0	0.2488015 0.9656502 0.07495017 0	-0.8592699 0.2557751 -0.4429834 0	0 0 0 1	
0.4523828 -0.04680999 -0.8905945 0	0.2478426 0.9658831 0.07512597 0	-0.8566936 0.254713 -0.4485504 0	0 0 0 1	
0.4523821 -0.0466275 -0.8906045 0	0.2475615 0.9659513 0.07517649 0	-0.8567753 0.2544878 -0.4485223 0	0 0 0 1	
0.4544909 -0.04580502 -0.8895729 0	0.2476649 0.9657966 0.07680441 0	-0.8556286 0.2552229 -0.4502901 0	0 0 0 1	
0.4575062 -0.04533558 -0.88805 0	0.247731 0.9656572 0.07832877 0	-0.8540008 0.2558334 -0.4530252 0	0 0 0 1	
0.4604788 -0.04534651 -0.8865117 0	0.2473144 0.9657041 0.07906462 0	-0.8525226 0.2556547 -0.455901 0	0 0 0 1	
0.4635658 -0.04546656 -0.8848952 0	0.2463908 0.9659088 0.07944649 0	-0.8511159 0.2548588 -0.4589648 0	0 0 0 1	
0.4669701 -0.04527349 -0.8831134 0	0.2450627 0.9661968 0.0800507 0	-0.8496372 0.2537994 -0.4622798 0	0 0 0 1	
0.4693969 -0.04515385 -0.881832 0	0.2443821 0.9663231 0.0806038 0	-0.8484951 0.2533391 -0.4646239 0	0 0 0 1	
0.4711577 -0.05159804 -0.8805386 0	0.2539128 0.9639645 0.07937675 0	-0.8447123 0.260979 -0.4672807 0	0 0 0 1	
0.4720786 -0.04871546 -0.8802094 0	0.2514374 0.9644382 0.08147511 0	-0.8449385 0.2597802 -0.4675395 0	0 0 0 1	
0.4733378 -0.04630787 -0.8796631 0	0.2502293 0.9645472 0.0838695 0	-0.8445927 0.2598161 -0.4681442 0	0 0 0 1	
0.4750204 -0.04500557 -0.8788232 0	0.2491493 0.9647043 0.08526625 0	-0.843967 0.2594614 -0.4694673 0	0 0 0 1	
0.4773443 -0.04601554 -0.8775107 0	0.2477759 0.9651539 0.08417256 0	-0.8430597 0.2576053 -0.4721123 0	0 0 0 1	
0.4807168 -0.04703862 -0.8756134 0	0.2470022 0.9653895 0.08374418 0	-0.8413687 0.2565356 -0.4756976 0	0 0 0 1	
0.4829444 -0.0478335 -0.8743436 0	0.2468922 0.9654341 0.08355428 0	-0.8401245 0.2562207 -0.4780607 0	0 0 0 1	
0.4845572 -0.04806209 -0.8734382 0	0.2467017 0.965467 0.08373653 0	-0.8392513 0.2560538 -0.4796809 0	0 0 0 1	
0.4876256 -0.04775909 -0.8717456 0	0.2457694 0.9656318 0.08457258 0	-0.8377463 0.2554881 -0.4826046 0	0 0 0 1	
0.4905467 -0.04798713 -0.8700927 0	0.2441622 0.9660567 0.08437572 0	-0.8365099 0.2538339 -0.4856126 0	0 0 0 1	
0.4931197 -0.04850115 -0.8686084 0	0.242794 0.9664452 0.083873 0	-0.8353945 0.2522523 -0.488349 0	0 0 0 1	
0.4959261 -0.04845625 -0.8670118 0	0.2416027 0.9667182 0.08416674 0	-0.8340777 0.2512128 -0.4911279 0	0 0 0 1	
0.4978716 -0.04759291 -0.8659439 0	0.2385477 0.967493 0.08397808 0	-0.8337979 0.2483792 -0.4930404 0	0 0 0 1	
0.4998754 -0.04735272 -0.8648018 0	0.2370716 0.9678506 0.08403767 0	-0.8330196 0.2470284 -0.4950307 0	0 0 0 1	
0.5029742 -0.04671116 -0.8630382 0	0.2343669 0.9684977 0.08416873 0	-0.8319189 0.2446023 -0.4980769 0	0 0 0 1	
0.5049962 -0.04529134 -0.8619325 0	0.232214 0.9689315 0.08513771 0	-0.8312975 0.243147 -0.499824 0	0 0 0 1	
0.5064254 -0.04250841 -0.8612354 0	0.2298208 0.9693099 0.08729704 0	-0.8310931 0.2421393 -0.5006525 0	0 0 0 1	
0.5076892 -0.04055882 -0.860585 0	0.2283369 0.9695046 0.08901181 0	-0.830731 0.2416936 -0.5014681 0	0 0 0 1	
0.5091459 -0.03941353 -0.8597773 0	0.2255613 0.9701459 0.08910067 0	-0.8305978 0.2392977 -0.502836 0	0 0 0 1	
0.5107989 -0.03927275 -0.8588027 0	0.2230897 0.9707909 0.08829544 0	-0.8302502 0.2366913 -0.5046403 0	0 0 0 1	
0.510511 -0.03949728 -0.8589637 0	0.2220377 0.9711211 0.08730993 0	-0.8307093 0.235295 -0.5045379 0	0 0 0 1	
0.5108685 -0.03816757 -0.8588112 0	0.2200533 0.9715355 0.08772264 0	-0.8310174 0.233799 -0.5047259 0	0 0 0 1	
0.5098127 -0.03602066 -0.8595309 0	0.2186251 0.9717464 0.08894958 0	-0.8320421 0.2332627 -0.5032837 0	0 0 0 1	
0.5093454 -0.03402974 -0.859889 0	0.2178722 0.9717633 0.09059701 0	-0.8325256 0.2334911 -0.5023773 0	0 0 0 1	
0.5079062 -0.03089768 -0.860858 0	0.2154771 0.9721428 0.0922396 0	-0.8340269 0.2323443 -0.5004151 0	0 0 0 1	
0.5055747 -0.0276586 -0.8623394 0	0.2127479 0.97262 0.09353472 0	-0.8361415 0.2307497 -0.4976163 0	0 0 0 1	
0.5027462 -0.02688059 -0.8640161 0	0.2117546 0.9728931 0.09294605 0	-0.8380969 0.2296876 -0.4948103 0	0 0 0 1	
0.5010098 -0.02670664 -0.8650295 0	0.2109834 0.9731361 0.09215353 0	-0.8393302 0.2286766 -0.4931853 0	0 0 0 1	
0.4978492 -0.02701879 -0.8668427 0	0.2120687 0.9729646 0.09146982 0	-0.8409359 0.2293684 -0.4901195 0	0 0 0 1	
0.4958958 -0.02746791 -0.8679476 0	0.2138838 0.9725717 0.0914221 0	-0.8416301 0.2309758 -0.4881692 0	0 0 0 1	
0.4936499 -0.02690307 -0.8692445 0	0.2145115 0.9724048 0.09172668 0	-0.8427898 0.2317438 -0.4857985 0	0 0 0 1	
0.4892363 -0.02463908 -0.8718031 0	0.2141013 0.972406 0.09266649 0	-0.8454635 0.23199 -0.4810116 0	0 0 0 1	
0.4860572 -0.02218454 -0.8736454 -1.575582E-10	0.2130691 0.9725196 0.09384686 2.639873E-10	-0.8475553 0.2317618 -0.477427 -1.122826E-09	0 0 0 1	
0.4813092 -0.02198856 -0.8762751 -0.001304337	0.2150516 0.9720946 0.09372785 0.0003440133	-0.8497614 0.2335564 -0.4726068 0.00149082	0 0 0 1	
0.4760216 -0.02061465 -0.8791921 -0.002655233	0.2157821 0.9719023 0.09404266 0.0006623422	-0.8525501 0.2344802 -0.4670948 0.003000889	0 0 0 1	
0.4705404 -0.01830702 -0.8821885 -0.004079102	0.2156506 0.9718525 0.09485566 0.0009713767	-0.8556206 0.2348779 -0.4612438 0.004565563	0 0 0 1	
0.4645123 -0.01484811 -0.8854421 -0.005601512	0.2151844 0.9717848 0.09659202 0.001289583	-0.859025 0.2354016 -0.454601 0.006236545	0 0 0 1	
0.470262 -0.008489087 -0.8824861 -0.00235993	0.2160469 0.9706349 0.1057907 0.002472086	-0.8556737 0.2404077 -0.4582868 0.01272219	0 0 0 1	
0.4617518 -0.00184916 -0.8870073 -0.00400666	0.215453 0.9702835 0.1101362 0.00279673	-0.8604448 0.241964 -0.4484285 0.01493536	0 0 0 1	
0.4512129 0.005948424 -0.8923965 -0.005936972	0.2138734 0.9701154 0.114605 0.003214646	-0.8664094 0.2425711 -0.4364564 0.01720837	0 0 0 1	
0.4372419 0.0148572 -0.8992212 -0.00825673	0.2099237 0.9705576 0.1181102 0.003801339	-0.8745008 0.2404106 -0.4212496 0.01944895	0 0 0 1	
0.4195452 0.02337798 -0.9074334 -0.01112668	0.2032463 0.9718684 0.1190075 0.004654075	-0.884688 0.2343615 -0.4029912 0.02166161	0 0 0 1	
0.3987189 0.02978573 -0.9165893 -0.01468389	0.1944834 0.9739926 0.1162519 0.005848954	-0.8962139 0.2246133 -0.3825564 0.02397311	0 0 0 1	
0.3850866 0.03880175 -0.9220644 -0.01221135	0.181752 0.97636 0.1169926 0.008209661	-0.9048064 0.2126393 -0.3689309 0.02661167	0 0 0 1	
0.3575894 0.04146171 -0.9329582 -0.01668697	0.1716984 0.9790652 0.1093203 0.01005689	-0.9179595 0.1992792 -0.3429844 0.02952048	0 0 0 1	
0.323287 0.04493778 -0.9452334 -0.02140523	0.1614425 0.9816089 0.1018834 0.01216029	-0.9324279 0.1855384 -0.3100865 0.03307069	0 0 0 1	
0.2849051 0.0492674 -0.9572888 -0.02621806	0.1519701 0.9837258 0.09585685 0.01446491	-0.9464324 0.1727894 -0.2727813 0.03743359	0 0 0 1	
0.2455721 0.05344122 -0.9679042 -0.03108087	0.1449401 0.985231 0.09117141 0.01693664	-0.9584815 0.1626773 -0.2341995 0.04269501	0 0 0 1	
0.207827 0.05551904 -0.9765887 -0.03607486	0.1406987 0.9863091 0.0860136 0.01950836	-0.9679937 0.1552807 -0.1971702 0.04882756	0 0 0 1	
0.1872134 0.05573206 -0.9807371 -0.03893898	0.1410876 0.9865123 0.08299257 0.02091129	-0.9721346 0.1539072 -0.1768253 0.05738734	0 0 0 1	
0.1510872 0.05418236 -0.9870344 -0.04375359	0.1400247 0.9872555 0.07562833 0.02368543	-0.9785529 0.1496356 -0.1415748 0.06533481	0 0 0 1	
0.1139044 0.05367315 -0.9920409 -0.04810433	0.1393194 0.9878097 0.06944066 0.02665854	-0.9836748 0.1461202 -0.1050382 0.07406446	0 0 0 1	
0.07377362 0.05441901 -0.9957892 -0.05170619	0.1377372 0.9883847 0.06421871 0.0298592	-0.9877176 0.1418949 -0.06542122 0.08355118	0 0 0 1	
0.02906567 0.05506595 -0.9980596 -0.05446023	0.1334806 0.989325 0.05847128 0.03347892	-0.9906251 0.1349211 -0.02140516 0.09363987	0 0 0 1	
-0.01352239 0.05421369 -0.9984378 -0.05691477	0.1273497 0.9904908 0.05205742 0.03751834	-0.9917657 0.1264468 0.02029788 0.1040557	0 0 0 1	
-0.03968704 0.05439326 -0.9977306 -0.05628256	0.120228 0.9915228 0.04927249 0.04139304	-0.9919528 0.1179997 0.04589021 0.1128115	0 0 0 1	
-0.07949078 0.0516325 -0.9954975 -0.05767926	0.1141766 0.9925568 0.04236294 0.04581612	-0.9902751 0.1102951 0.0847944 0.1239297	0 0 0 1	
-0.1184288 0.04795777 -0.9918039 -0.05849622	0.1074655 0.9935851 0.03521173 0.05051282	-0.9871302 0.1024146 0.1228229 0.1353181	0 0 0 1	
-0.1569779 0.04452551 -0.9865978 -0.05856737	0.09966928 0.9945971 0.0290281 0.05572327	-0.9825599 0.09377672 0.1605676 0.1468562	0 0 0 1	
-0.1970295 0.04248793 -0.9794767 -0.05738263	0.08912147 0.9957003 0.02526421 0.06192792	-0.9763386 0.0823146 0.1999689 0.158381	0 0 0 1	
-0.2356538 0.04323132 -0.9708753 -0.05497253	0.077739 0.9966473 0.02550987 0.0691105	-0.9687231 0.06946336 0.2382244 0.1698546	0 0 0 1	
-0.2703471 0.04605465 -0.9616607 -0.04994553	0.06871498 0.9972309 0.02844062 0.07988577	-0.9603076 0.05839165 0.2727631 0.1798017	0 0 0 1	
-0.2980206 0.04669825 -0.9534165 -0.04675484	0.06088719 0.9976987 0.02983496 0.08784926	-0.9526157 0.04915942 0.3001782 0.1911076	0 0 0 1	
-0.3229238 0.04786319 -0.9452139 -0.0429567	0.0527852 0.9980767 0.03250644 0.09656592	-0.9449518 0.0393962 0.3248292 0.2020567	0 0 0 1	
-0.3475077 0.04704374 -0.9364963 -0.03849407	0.04474666 0.9984348 0.0335509 0.1056389	-0.9366089 0.03024588 0.3490689 0.2127646	0 0 0 1	
-0.3733819 0.04910897 -0.9263771 -0.03230282	0.03383595 0.9986543 0.03930274 0.116315	-0.9270606 0.01666992 0.374541 0.222696	0 0 0 1	
-0.3981934 0.05143407 -0.9158586 -0.0251196	0.02316905 0.9986722 0.04601149 0.1277638	-0.9170091 0.002898112 0.3988563 0.2321631	0 0 0 1	
-0.4181209 0.05275293 -0.9068583 -0.01544571	0.01267224 0.9985539 0.05224423 0.1416075	-0.908303 -0.01035248 0.4181848 0.2454608	0 0 0 1	
-0.4380968 0.05104894 -0.8974772 -0.008018143	0.0003357548 0.9983954 0.05662532 0.1551	-0.8989279 -0.02450603 0.4374108 0.2537651	0 0 0 1	
-0.4583267 0.04793601 -0.8874902 -7.629395E-06	-0.01266461 0.9980909 0.06045028 0.1696679	-0.8886936 -0.03894569 0.4568446 0.2613263	0 0 0 1	
-0.4784468 0.04531893 -0.8769463 0.008867055	-0.02616991 0.9974878 0.06582614 0.1855611	-0.8777266 -0.05444391 0.476059 0.2678976	0 0 0 1	
-0.4976017 0.04554402 -0.8662093 0.01896685	-0.03761461 0.9965482 0.07400511 0.202306	-0.8665898 -0.06940718 0.494171 0.2738065	0 0 0 1	
-0.5148398 0.04803358 -0.8559398 0.02990049	-0.04412139 0.9956213 0.08241082 0.2187954	-0.8561503 -0.08019362 0.5104661 0.2800556	0 0 0 1	
-0.5316161 0.04978967 -0.8455209 0.04197985	-0.04632388 0.9950674 0.08772178 0.234861	-0.8457178 -0.08580211 0.5266874 0.2872508	0 0 0 1	
-0.5479509 0.04992679 -0.8350192 0.05321409	-0.04769849 0.9947283 0.09077638 0.2507876	-0.8351495 -0.08957015 0.5426809 0.2941493	0 0 0 1	
-0.5639375 0.0515704 -0.8242058 0.06513825	-0.05035146 0.9940441 0.0966486 0.2678238	-0.8242811 -0.09600372 0.5579822 0.2996638	0 0 0 1	
-0.5822845 0.05425372 -0.8111729 0.07883179	-0.05257529 0.9931693 0.1041663 0.2855003	-0.8112834 -0.1033021 0.5754547 0.3039623	0 0 0 1	
-0.6016539 0.05408398 -0.7969237 0.09265979	-0.05332886 0.992759 0.1076363 0.3029957	-0.7969746 -0.1072588 0.5944132 0.3084799	0 0 0 1	
-0.6192033 0.05069426 -0.7835926 0.1050901	-0.05069426 0.9932512 0.1043172 0.3193077	-0.7835926 -0.1043172 0.6124545 0.3149502	0 0 0 1	
-0.6361004 0.04864997 -0.7700711 0.1192328	-0.04312614 0.9942088 0.09843348 0.3331022	-0.7704002 -0.09582376 0.6303185 0.3231509	0 0 0 1	
-0.6547621 0.05202752 -0.7540424 0.1357459	-0.03016587 0.9950345 0.09484963 0.3464319	-0.755233 -0.08485028 0.6499413 0.3315091	0 0 0 1	
-0.6738524 0.05893068 -0.7365124 0.1546534	-0.01465451 0.9955522 0.09306503 0.3590119	-0.7387209 -0.0735053 0.6699916 0.3393882	0 0 0 1	
-0.690739 0.06512354 -0.7201656 0.172936	0.000270322 0.9959594 0.08980389 0.3715358	-0.7231041 -0.06183638 0.6879656 0.3471691	0 0 0 1	
-0.7063402 0.0675449 -0.7046428 0.1893866	0.01335943 0.9965318 0.08213289 0.3841965	-0.7077466 -0.04860013 0.7047929 0.3551641	0 0 0 1	
-0.7216688 0.06815989 -0.6888748 0.2050307	0.02449968 0.9970322 0.07298415 0.397409	-0.6918048 -0.03579317 0.7211969 0.3622892	0 0 0 1	
-0.7366565 0.06912262 -0.6727253 0.2234531	0.03486595 0.9973216 0.06429558 0.4100272	-0.6753678 -0.02390854 0.7370936 0.3701177	0 0 0 1	
-0.750268 0.07099596 -0.6573112 0.2390537	0.04427368 0.997381 0.05719196 0.4239231	-0.6596501 -0.0138077 0.7514462 0.3748797	0 0 0 1	
-0.7622676 0.07277457 -0.643158 0.2538061	0.0532529 0.9973417 0.04973608 0.4377648	-0.6450678 -0.003662169 0.7641166 0.3794366	0 0 0 1	
-0.7725791 0.07324136 -0.6306801 0.2669038	0.06021389 0.9972992 0.04205549 0.4521529	-0.632057 0.005484508 0.7749027 0.3834509	0 0 0 1	
-0.7812853 0.07352774 -0.619828 0.2788236	0.06363298 0.9972461 0.03809079 0.4682676	-0.6209219 0.009681728 0.7838126 0.3848353	0 0 0 1	
-0.7867597 0.07441924 -0.6127568 0.2889313	0.06318537 0.9972006 0.03998193 0.4867565	-0.6140169 0.007261097 0.7892594 0.3832238	0 0 0 1	
-0.7912858 0.07357478 -0.6070038 0.2990406	0.05881141 0.9972894 0.04421509 0.5069416	-0.6086116 0.0007119738 0.793468 0.3807034	0 0 0 1	
-0.7990453 0.067548 -0.5974644 0.3058545	0.04865106 0.9976748 0.04772925 0.5306719	-0.5992992 -0.009070562 0.8004737 0.3722881	0 0 0 1	
-0.8099045 0.05800427 -0.5836871 0.3120749	0.0316883 0.9979721 0.05520451 0.5582516	-0.5857056 -0.02621432 0.8101001 0.3568979	0 0 0 1	
-0.8217726 0.04890098 -0.567714 0.318868	0.007486342 0.9971513 0.07505472 0.5904555	-0.5697671 -0.05742778 0.8197976 0.330171	0 0 0 1	
-0.8340433 0.04340927 -0.5499892 0.3280653	-0.02103762 0.9936723 0.110331 0.6253788	-0.5512983 -0.1035913 0.8278524 0.2901706	0 0 0 1	
-0.8473775 0.03670524 -0.5297207 0.3394703	-0.05489696 0.9862062 0.1561528 0.6611059	-0.5281455 -0.1614005 0.833674 0.2395546	0 0 0 1	
-0.8538314 0.03228601 -0.5195473 0.3452194	-0.08954824 0.9740857 0.2076971 0.6950061	-0.5127894 -0.2238628 0.8288139 0.1826724	0 0 0 1	
-0.8561814 0.02753174 -0.5159413 0.3474312	-0.1241936 0.9583357 0.2572326 0.7253578	-0.501527 -0.2843144 0.8170899 0.1255066	0 0 0 1	
-0.8587803 0.01893772 -0.5119938 0.3466891	-0.1543972 0.9432946 0.2938651 0.7518696	-0.4885261 -0.331416 0.8071589 0.07560731	0 0 0 1	
-0.8603286 0.02419354 -0.5091656 0.3561749	-0.1464179 0.9450501 0.2923048 0.767782	-0.488259 -0.326029 0.8095112 0.07293588	0 0 0 1	
-0.8632184 0.03287815 -0.5037589 0.3694345	-0.1218396 0.9548102 0.2710952 0.7799224	-0.4899072 -0.2953921 0.8202039 0.09186055	0 0 0 1	
-0.867148 0.03334037 -0.4969332 0.3811095	-0.1044509 0.9633945 0.246903 0.7959214	-0.4869745 -0.2660065 0.8319232 0.1118829	0 0 0 1	
-0.8726068 0.02831405 -0.487602 0.3848894	-0.09345319 0.9701951 0.2235799 0.8122464	-0.4793995 -0.2406653 0.8439528 0.1241809	0 0 0 1	
-0.8779244 0.02324049 -0.4782351 0.3881823	-0.08543268 0.975189 0.2042244 0.828684	-0.4711159 -0.2201505 0.8541569 0.1328822	0 0 0 1	
-0.8829764 0.02226909 -0.4688892 0.3946014	-0.07533774 0.9792031 0.1883758 0.8433871	-0.4633328 -0.2016564 0.8629355 0.140596	0 0 0 1	
-0.8881526 0.02128232 -0.4590559 0.4010392	-0.06541751 0.982899 0.1721339 0.8577028	-0.454869 -0.1829115 0.871572 0.1486983	0 0 0 1	
-0.8949757 0.01576844 -0.4458365 0.4044671	-0.05835666 0.9866498 0.1520416 0.8730294	-0.442282 -0.1620911 0.8821074 0.1572798	0 0 0 1	
-0.9041904 0.006919291 -0.4270737 0.4107832	-0.05271386 0.9904173 0.1276509 0.8897143	-0.4238644 -0.1379334 0.8951612 0.1704781	0 0 0 1	
-0.91427 0.0001531411 -0.4051055 0.415067	-0.04670643 0.9932914 0.1057858 0.9044536	-0.402404 -0.1156378 0.9081295 0.1772389	0 0 0 1	
-0.9235263 -0.001356769 -0.383533 0.4235214	-0.03807076 0.9953793 0.08815106 0.9172686	-0.3816412 -0.0960112 0.9193107 0.1821891	0 0 0 1	
-0.9322289 0.0006187893 -0.3618684 0.4347871	-0.02773878 0.9969341 0.07316412 0.9287779	-0.3608042 -0.07824349 0.9293537 0.1855681	0 0 0 1	
-0.9411082 0.004195434 -0.3380798 0.447586	-0.01664089 0.9981364 0.0587095 0.9393248	-0.337696 -0.06087794 0.9392844 0.1876467	0 0 0 1	
-0.949989 0.006009642 -0.3122259 0.458325	-0.008110695 0.9990027 0.04390641 0.9503556	-0.3121784 -0.04424296 0.9489928 0.188113	0 0 0 1	
-0.9588199 0.005645331 -0.2839591 0.4665035	-0.002476916 0.9995982 0.02823638 0.9619116	-0.2840044 -0.02777695 0.9584206 0.1874038	0 0 0 1	
-0.9671715 0.005301185 -0.2540691 0.4816277	0.002611534 0.9999369 0.01092242 0.9736838	-0.254111 -0.009900348 0.9671245 0.1914199	0 0 0 1	
-0.9752151 0.005860366 -0.2211814 0.4902189	0.007042032 0.9999648 -0.004554343 0.9841322	-0.2211469 0.00599903 0.9752221 0.1882719	0 0 0 1	
-0.9821014 0.01028279 -0.1880712 0.5020068	0.01380099 0.9997532 -0.01740684 0.9924803	-0.1878458 0.01969086 0.9820011 0.1830683	0 0 0 1	
-0.9881321 0.01492554 -0.1528803 0.5134853	0.01928791 0.9994469 -0.0270912 1.000688	-0.1523914 0.02971843 0.9878734 0.1734311	0 0 0 1	
-0.9933167 0.0147893 -0.1144707 0.519269	0.01930913 0.9990729 -0.038477 1.010893	-0.1137955 0.04043017 0.9926814 0.1632678	0 0 0 1	
-0.9972599 0.01134883 -0.07310338 0.5205579	0.01520248 0.9985117 -0.0523762 1.022365	-0.07240017 0.05334403 0.9959482 0.1543586	0 0 0 1	
-0.9994323 0.009930623 -0.03219702 0.5369565	0.0120538 0.997718 -0.06643452 1.032773	-0.03146381 0.06678489 0.9972713 0.1518206	0 0 0 1	
-0.9999254 0.009426625 0.007770663 0.5395822	0.008810114 0.9970781 -0.07587848 1.042544	0.008463236 0.07580436 0.9970868 0.1398618	0 0 0 1	
-0.9988887 0.009998506 0.0460631 0.5423473	0.006192548 0.9966099 -0.08203845 1.051592	0.04672721 0.08166202 0.9955642 0.1255965	0 0 0 1	
-0.9967642 0.01108918 0.07961351 0.5446807	0.004348542 0.9964271 -0.08434611 1.06002	0.08026438 0.08372696 0.993251 0.109899	0 0 0 1	
-0.9939024 0.01243511 0.1095596 0.5465535	0.003409584 0.9966112 -0.08218525 1.067966	0.1102103 0.08131057 0.9905767 0.0913123	0 0 0 1	
-0.9905334 0.01501463 0.1364495 0.5492325	0.004704424 0.9971293 -0.07557106 1.074789	0.1371925 0.07421373 0.9877604 0.06918826	0 0 0 1	
-0.9869502 0.01818777 0.1599952 0.567583	0.007366076 0.99766 -0.06797238 1.081152	0.1608571 0.06590681 0.9847747 0.0510389	0 0 0 1	
-0.9829762 0.01731502 0.1829159 0.5658029	0.006706125 0.9982673 -0.05845887 1.088366	0.1836112 0.05623702 0.9813892 0.02823395	0 0 0 1	
-0.9788033 0.01633245 0.2041519 0.5635145	0.006160007 0.9987119 -0.05036436 1.094762	0.2047115 0.04803921 0.9776431 0.008146398	0 0 0 1	
-0.9746499 0.01767405 0.223037 0.5636996	0.008093837 0.9990078 -0.04379478 1.099033	0.2235897 0.04087934 0.9738259 -0.009381749	0 0 0 1	
-0.9707044 0.01771975 0.2396232 0.5622254	0.008911777 0.9992459 -0.03779138 1.103346	0.2401121 0.03454879 0.9701303 -0.02449484	0 0 0 1	
-0.9669368 0.01509663 0.2545686 0.5574824	0.007133017 0.9994568 -0.03217698 1.108562	0.254916 0.02929727 0.9665192 -0.03726035	0 0 0 1	
-0.9633942 0.01302582 0.2677723 0.5657556	0.005318143 0.9995509 -0.02948963 1.114969	0.2680362 0.02698609 0.9630308 -0.04448125	0 0 0 1	
-0.9603558 0.01231527 0.2785057 0.5634735	0.00461654 0.9995893 -0.02828199 1.118381	0.2787396 0.02587504 0.9600183 -0.0499629	0 0 0 1	
-0.9570777 0.01224849 0.2895723 0.5617445	0.003579017 0.9995299 -0.03044952 1.121318	0.2898091 0.02810617 0.9566717 -0.05164522	0 0 0 1	
-0.9530203 0.009185938 0.3027669 0.5561508	-0.001603865 0.999373 -0.03536943 1.125897	0.302902 0.03419339 0.9524081 -0.04991107	0 0 0 1	
-0.9488219 0.005097506 0.3157716 0.5491664	-0.008183087 0.9991372 -0.0407174 1.1307	0.3157067 0.04121754 0.9479614 -0.0468383	0 0 0 1	
-0.9450176 0.0002093846 0.3270203 0.5412692	-0.01543211 0.9988571 -0.04523498 1.135544	0.3266561 0.04779445 0.9439343 -0.04323623	0 0 0 1	
-0.941643 -0.001712778 0.3366089 0.5508932	-0.01949757 0.9985857 -0.04946213 1.14528	0.3360481 0.05313872 0.9403446 -0.03961654	0 0 0 1	
-0.9388344 -0.004116639 0.3443444 0.5463357	-0.02258496 0.9985118 -0.04963933 1.148227	0.3436276 0.05438011 0.9375303 -0.04066311	0 0 0 1	
-0.9362 -0.007845458 0.3513806 0.5400735	-0.02603988 0.9985515 -0.04708408 1.151722	0.3505023 0.05323001 0.9350482 -0.04430065	0 0 0 1	
-0.9331324 -0.01438635 0.3592451 0.5301469	-0.03168748 0.9986016 -0.04231757 1.156748	0.3581339 0.05087147 0.9322834 -0.04997163	0 0 0 1	
-0.9298487 -0.02178484 0.3672969 0.5189549	-0.03750082 0.9986585 -0.03570536 1.162085	0.3660264 0.04697451 0.9294182 -0.05769281	0 0 0 1	
-0.9271055 -0.02791523 0.3737598 0.5093321	-0.04173317 0.9987099 -0.02892723 1.166555	0.3724701 0.04241677 0.9270746 -0.06538385	0 0 0 1	
-0.924993 -0.03206494 0.3786288 0.5123713	-0.04430414 0.998738 -0.0236552 1.170855	0.3773925 0.03865572 0.9252462 -0.070719	0 0 0 1	
-0.9240057 -0.03537854 0.3807386 0.5070596	-0.04578532 0.9987835 -0.01830756 1.173557	0.3796278 0.03434853 0.9245015 -0.07574213	0 0 0 1	
-0.9238118 -0.0364693 0.3811056 0.5046793	-0.04499614 0.9988961 -0.01348427 1.174893	0.3801932 0.02960521 0.9244331 -0.08027855	0 0 0 1	
-0.9237744 -0.03645134 0.3811988 0.5035608	-0.04324512 0.9990215 -0.009268289 1.175563	0.3804879 0.02504679 0.9244467 -0.08438548	0 0 0 1	
-0.9230788 -0.0371489 0.3828136 0.5011557	-0.04217996 0.9990987 -0.004754252 1.17648	0.3822919 0.0205356 0.9238137 -0.08925812	0 0 0 1	
-0.9218203 -0.03886514 0.385665 0.4971106	-0.0421111 0.9991129 3.060978E-05 1.17786	0.3853241 0.01621256 0.9226393 -0.0945187	0 0 0 1	
-0.9194306 -0.03940551 0.3912727 0.5022796	-0.04188881 0.9991199 0.002190203 1.180775	0.3910146 0.01437621 0.9202721 -0.1009389	0 0 0 1	
-0.9166694 -0.0407978 0.3975589 0.4980501	-0.04396146 0.9990326 0.001157609 1.18266	0.3972215 0.01641612 0.9175761 -0.100357	0 0 0 1	
-0.9137353 -0.04067051 0.4042696 0.4954688	-0.04545999 0.9989636 -0.002251047 1.183781	0.4037591 0.02043495 0.9146372 -0.09741656	0 0 0 1	
-0.9108262 -0.03772741 0.4110623 0.4962907	-0.0441705 0.9990048 -0.00618346 1.183115	0.4104199 0.02378889 0.9115863 -0.09523502	0 0 0 1	
-0.9078759 -0.03344074 0.4179032 0.4987653	-0.04166445 0.9990758 -0.01056781 1.181564	0.4171636 0.02700597 0.9084301 -0.09328143	0 0 0 1	
-0.9051281 -0.02976251 0.4240958 0.500558	-0.03987547 0.9990922 -0.01498934 1.180198	0.4232647 0.03047829 0.9054933 -0.09074424	0 0 0 1	
-0.9025599 -0.02749787 0.4296851 0.5086262	-0.03899751 0.9990776 -0.0179785 1.181253	0.4287944 0.03298332 0.9027997 -0.09229177	0 0 0 1	
-0.8995892 -0.02763104 0.4358623 0.5059375	-0.04023913 0.9989954 -0.01972047 1.181664	0.4348795 0.03527904 0.8997974 -0.09155102	0 0 0 1	
-0.8968632 -0.02696838 0.441485 0.5044216	-0.04107945 0.998904 -0.02243298 1.181789	0.4403962 0.03825528 0.8969882 -0.0897392	0 0 0 1	
-0.8946439 -0.02480317 0.4460912 0.5049866	-0.04037538 0.9988608 -0.02543577 1.181032	0.4449521 0.04076705 0.8946261 -0.08793342	0 0 0 1	
-0.8931174 -0.02320879 0.4492245 0.5051741	-0.03924508 0.9988803 -0.0264181 1.180154	0.4481084 0.04122432 0.8930283 -0.08773102	0 0 0 1	
-0.8929733 -0.02305146 0.449519 0.5112234	-0.03866841 0.9989244 -0.02559 1.180448	0.4484456 0.04023337 0.8929042 -0.090427	0 0 0 1	
-0.8936843 -0.02005616 0.4482479 0.514717	-0.03444394 0.9991192 -0.02396779 1.178139	0.4473724 0.03685906 0.8935878 -0.09229349	0 0 0 1	
-0.895595 -0.01469428 0.4446284 0.5216963	-0.02750996 0.9993709 -0.02238439 1.174275	0.4440198 0.03227905 0.8954357 -0.09413968	0 0 0 1	
-0.8973606 -0.01024186 0.4411793 0.5276546	-0.02178963 0.9995396 -0.02111615 1.170967	0.4407599 0.02856193 0.8971705 -0.094946	0 0 0 1	
-0.8993522 -0.008903312 0.4371347 0.5299342	-0.01966058 0.9996048 -0.02008989 1.16959	0.4367831 0.0266622 0.8991718 -0.09311523	0 0 0 1	
-0.9015307 -0.008362683 0.4326347 0.5313233	-0.01839947 0.9996498 -0.01901819 1.168711	0.4323242 0.02510573 0.9013689 -0.09057319	0 0 0 1	
-0.9036136 -0.008363657 0.4282667 0.5320101	-0.01794309 0.9996709 -0.01833605 1.168219	0.4279723 0.02425314 0.9034663 -0.08722785	0 0 0 1	
-0.9051038 -0.007418573 0.4251263 0.5428035	-0.01680946 0.9996904 -0.01834284 1.169875	0.4248587 0.02374831 0.9049482 -0.0955514	0 0 0 1	
-0.9067504 -0.009013231 0.4215716 0.5415634	-0.01897608 0.9996309 -0.01944312 1.170588	0.4212407 0.02562984 0.9065868 -0.08953251	0 0 0 1	
-0.9074796 -0.009894962 0.4199803 0.5408125	-0.02134969 0.999517 -0.02258253 1.171053	0.419554 0.02945962 0.9072527 -0.08231363	0 0 0 1	
-0.9076637 -0.009375965 0.4195933 0.5415282	-0.02240323 0.9994075 -0.02613051 1.17065	0.4190997 0.03311796 0.907336 -0.075967	0 0 0 1	
-0.9076802 -0.01017931 0.4195396 0.5405434	-0.02558373 0.9991885 -0.0311074 1.171171	0.4188825 0.03896895 0.9072042 -0.06699972	0 0 0 1	
-0.9072734 -0.01223742 0.4203632 0.5378162	-0.03027074 0.998884 -0.03625455 1.172402	0.4194505 0.04561749 0.9066314 -0.05742374	0 0 0 1	
-0.9081843 -0.01440241 0.4183227 0.5468482	-0.03379819 0.9986677 -0.03899325 1.185478	0.4172038 0.04955161 0.9074612 -0.07244104	0 0 0 1	
-0.9076492 -0.01416571 0.4194908 0.5467472	-0.03405817 0.9986203 -0.03996917 1.185106	0.4183458 0.05056506 0.9068793 -0.07034022	0 0 0 1	
-0.9075541 -0.01357083 0.4197156 0.5473692	-0.03327513 0.998659 -0.03966103 1.184455	0.4186145 0.04996063 0.9067887 -0.06966902	0 0 0 1	
-0.9073589 -0.01465249 0.4201019 0.5459543	-0.03369363 0.9987118 -0.03793984 1.184702	0.4190048 0.0485798 0.9066837 -0.06998649	0 0 0 1	
-0.9065863 -0.01755568 0.4216551 0.5420839	-0.03544298 0.9987718 -0.03462072 1.185969	0.4205295 0.04633138 0.9060951 -0.07208684	0 0 0 1	
-0.9048601 -0.02086043 0.4251975 0.5373638	-0.03738178 0.998834 -0.03054857 1.187463	0.4240645 0.04353682 0.9045849 -0.07611358	0 0 0 1	
-0.9067664 -0.02162469 0.4210784 0.5376198	-0.03600217 0.9990076 -0.02622392 1.197514	0.4200934 0.0389387 0.9066452 -0.09725623	0 0 0 1	
-0.9054664 -0.02098639 0.4238988 0.5380338	-0.03588439 0.9989859 -0.02719282 1.197078	0.4228982 0.03983353 0.9053013 -0.09666428	0 0 0 1	
-0.9037143 -0.01779799 0.4277664 0.5415631	-0.03402432 0.9989611 -0.03031738 1.195239	0.4267824 0.04195271 0.9033809 -0.09523609	0 0 0 1	
-0.9027045 -0.0137868 0.4300405 0.5464302	-0.03091918 0.9989811 -0.03287627 1.192912	0.4291491 0.04297405 0.902211 -0.09422135	0 0 0 1	
-0.900883 -0.008904748 0.4339708 0.5521833	-0.02845019 0.9988511 -0.03856429 1.190244	0.4331288 0.04708846 0.9001012 -0.0904119	0 0 0 1	
-0.9003842 -0.004552329 0.4350723 0.5578496	-0.0249686 0.998838 -0.04122141 1.18752	0.4343791 0.04797824 0.8994516 -0.08888371	0 0 0 1	
-0.9009802 -0.003451269 0.4338466 0.5619843	-0.02428208 0.9988021 -0.0424817 1.187774	0.4331803 0.04880986 0.8999847 -0.08644645	0 0 0 1	
-0.8993876 -0.0040122 0.4371337 0.5611237	-0.02551934 0.9987345 -0.04333836 1.188159	0.4364066 0.05013335 0.8983519 -0.08573341	0 0 0 1	
-0.8980637 -0.004690661 0.4398404 0.5601116	-0.02604302 0.998756 -0.0425233 1.188446	0.4390938 0.0496434 0.8970686 -0.08698276	0 0 0 1	
-0.8973535 -0.005293314 0.4412811 0.5593607	-0.02636611 0.9987849 -0.04163523 1.188642	0.4405245 0.04899639 0.8964028 -0.08767396	0 0 0 1	
-0.8965065 -0.006512613 0.4429826 0.5577981	-0.02747717 0.9987844 -0.04092433 1.189254	0.4421775 0.04886084 0.8955957 -0.08788317	0 0 0 1	
-0.8955945 -0.007130824 0.444815 0.5569717	-0.0278854 0.9988052 -0.04013287 1.189465	0.4439974 0.0483466 0.8947232 -0.0886689	0 0 0 1	
-0.8944597 -0.006757698 0.4470975 0.5588642	-0.02754138 0.9988199 -0.04000232 1.192684	0.4462995 0.04809414 0.8935903 -0.09462945	0 0 0 1	
-0.8920522 -0.00717161 0.4518758 0.557834	-0.02782193 0.998849 -0.03907105 1.192862	0.4510755 0.04742546 0.891225 -0.0976665	0 0 0 1	
-0.8893317 -0.008077387 0.4571913 0.5560647	-0.027979 0.9989318 -0.0367764 1.193238	0.4564059 0.04549817 0.8886077 -0.1026945	0 0 0 1	
-0.8866154 -0.009242917 0.4624157 0.5539598	-0.02808186 0.9990315 -0.03387394 1.193686	0.4616548 0.04301864 0.8860162 -0.1083561	0 0 0 1	
-0.8851079 -0.01036261 0.4652705 0.5522938	-0.02806057 0.9991214 -0.0311284 1.194041	0.4645392 0.04060775 0.884621 -0.1123708	0 0 0 1	
-0.884927 -0.01289051 0.4655513 0.5492542	-0.03020454 0.9991009 -0.02974945 1.195391	0.4647492 0.04038786 0.8845208 -0.111763	0 0 0 1	
-0.8834002 -0.01496232 0.4683803 0.5480215	-0.03272185 0.9990201 -0.02980235 1.19992	0.4674754 0.04165367 0.8830242 -0.1176184	0 0 0 1	
-0.8817503 -0.01656654 0.4714253 0.5457474	-0.03352242 0.999057 -0.02759183 1.200598	0.4705236 0.04013243 0.8814743 -0.1206965	0 0 0 1	
-0.8815372 -0.01928961 0.4717205 0.5426306	-0.03368815 0.9991881 -0.02209658 1.201526	0.4709112 0.03537034 0.8814713 -0.1259677	0 0 0 1	
-0.880585 -0.02130084 0.4734095 0.5401362	-0.0331101 0.9993135 -0.01662415 1.201927	0.4727304 0.03031361 0.8806857 -0.1324876	0 0 0 1	
-0.8806894 -0.02013709 0.4732665 0.5420028	-0.02907666 0.9995101 -0.01157968 1.200326	0.4728014 0.02395911 0.8808434 -0.1393124	0 0 0 1	
-0.8813267 -0.01771555 0.4721759 0.5456554	-0.02492059 0.9996488 -0.009009033 1.198246	0.4718505 0.0197068 0.8814588 -0.1427239	0 0 0 1	
-0.8829395 -0.01723455 0.4691708 0.5484279	-0.02404275 0.9996746 -0.008524287 1.198944	0.4688712 0.01880658 0.8830665 -0.1465935	0 0 0 1	
-0.8837624 -0.01656316 0.4676427 0.5499468	-0.02620992 0.9995566 -0.01412945 1.199394	0.4672013 0.02474395 0.8838047 -0.1369482	0 0 0 1	
-0.8849047 -0.01627509 0.4654875 0.5510269	-0.03026334 0.9992866 -0.02259286 1.200354	0.4647878 0.03407974 0.884766 -0.1225976	0 0 0 1	
-0.8862998 -0.01556619 0.4628502 0.5527154	-0.03322133 0.9989972 -0.03001722 1.200697	0.4619188 0.04198076 0.8859282 -0.1098703	0 0 0 1	
-0.8894489 -0.01231686 0.4568692 0.5582031	-0.03160089 0.9989018 -0.03459204 1.19886	0.4559414 0.04520531 0.8888613 -0.101147	0 0 0 1	
-0.8937013 -0.008054197 0.4485901 0.5653319	-0.02698815 0.9989934 -0.03583061 1.195969	0.44785 0.04412849 0.8930192 -0.09648725	0 0 0 1	
-0.8986 -0.00986783 0.4386586 0.5642006	-0.02670812 0.9991233 -0.0322363 1.19798	0.437956 0.04068327 0.8980757 -0.1011036	0 0 0 1	
-0.9032102 -0.0135434 0.4289853 0.5611699	-0.02910877 0.9991336 -0.02974384 1.199828	0.4282108 0.03935217 0.9028218 -0.09598714	0 0 0 1	
-0.9080746 -0.01635695 0.4184891 0.5591454	-0.03075066 0.999144 -0.02767323 1.201119	0.4176782 0.03799817 0.9078002 -0.09040417	0 0 0 1	
-0.9127632 -0.01725882 0.4081246 0.5594386	-0.03050771 0.9991969 -0.02597579 1.201248	0.4073485 0.03616069 0.9125568 -0.08561914	0 0 0 1	
-0.9169915 -0.01795031 0.3985032 0.5598997	-0.03034964 0.9992309 -0.02482753 1.201367	0.397751 0.03486105 0.916831 -0.08072782	0 0 0 1	
-0.9202201 -0.0214623 0.3908124 0.5565663	-0.03276733 0.9992146 -0.02228107 1.203168	0.3900273 0.03330937 0.9202006 -0.07734144	0 0 0 1	
-0.9223353 -0.02326648 0.3856895 0.5538445	-0.03412674 0.9991897 -0.02133496 1.204998	0.3848806 0.03284031 0.922382 -0.07679455	0 0 0 1	
-0.9234781 -0.02246447 0.3829926 0.5554936	-0.03319613 0.999219 -0.02143376 1.204403	0.382212 0.03250749 0.9235027 -0.0753652	0 0 0 1	
-0.9249014 -0.02053507 0.3796522 0.5587558	-0.03093925 0.9992938 -0.02132265 1.203122	0.3789462 0.0314675 0.9248835 -0.0744767	0 0 0 1	
-0.925966 -0.01936137 0.3771102 0.5609485	-0.03041276 0.9992641 -0.02337264 1.202457	0.3763801 0.03311123 0.9258734 -0.07059172	0 0 0 1	
-0.9258847 -0.01837029 0.3773595 0.562569	-0.02998713 0.9992393 -0.02493195 1.201896	0.3766144 0.03440003 0.9257313 -0.06903435	0 0 0 1	
-0.9257579 -0.01734857 0.3777194 0.5642242	-0.02864303 0.9992942 -0.02430423 1.201198	0.3770311 0.03331885 0.9256014 -0.07068686	0 0 0 1	
-0.9259564 -0.01722559 0.3772377 0.5638043	-0.02875816 0.9992747 -0.02495959 1.201066	0.3765342 0.03396015 0.9257802 -0.06984363	0 0 0 1	
-0.9252182 -0.0168933 0.3790596 0.5643537	-0.02852678 0.9992779 -0.0250947 1.2009	0.378362 0.03403141 0.9250321 -0.07099815	0 0 0 1	
-0.9246228 -0.01670143 0.3805179 0.5647566	-0.02856473 0.9992653 -0.02555055 1.200829	0.3798117 0.03449401 0.9244206 -0.07139838	0 0 0 1	
-0.923427 -0.01694148 0.3834005 0.5644489	-0.02883697 0.9992639 -0.02529945 1.201016	0.3826897 0.0344183 0.9232359 -0.07345612	0 0 0 1	
-0.9226786 -0.01687668 0.3852004 0.5646475	-0.02891532 0.999257 -0.02548129 1.201017	0.3844842 0.03464923 0.9224811 -0.07440424	0 0 0 1	
-0.9221332 -0.01640196 0.3865246 0.5654526	-0.02854271 0.9992623 -0.02569132 1.200755	0.3858181 0.03472328 0.9219213 -0.07526359	0 0 0 1	
-0.9213982 -0.01700184 0.3882482 0.5630786	-0.02965634 0.9992055 -0.02662463 1.20014	0.3874871 0.0360459 0.9211704 -0.0754713	0 0 0 1	
-0.9204162 -0.01707207 0.3905678 0.5629156	-0.02981398 0.9992019 -0.02658389 1.200252	0.3898023 0.03611261 0.9201906 -0.0770338	0 0 0 1	
-0.9195557 -0.01735958 0.3925761 0.5625181	-0.03030466 0.9991813 -0.02680106 1.200509	0.3917894 0.03654195 0.9193289 -0.0779057	0 0 0 1	
-0.9193634 -0.01672876 0.3930538 0.56354	-0.02976202 0.9991899 -0.02708763 1.200162	0.3922823 0.03660145 0.9191165 -0.0782813	0 0 0 1	
-0.9192096 -0.01607317 0.3934403 0.5646109	-0.02930515 0.9991881 -0.02764703 1.199814	0.3926765 0.03694324 0.9189343 -0.07822441	0 0 0 1	
-0.9192023 -0.01596921 0.3934615 0.5650078	-0.02917659 0.999193 -0.02760848 1.199758	0.3927031 0.03685765 0.9189265 -0.0784885	0 0 0 1	
-0.9191887 -0.01757421 0.3934252 0.5617912	-0.03064598 0.9991664 -0.02696796 1.200213	0.3926233 0.03684555 0.918961 -0.07825977	0 0 0 1	
-0.9193542 -0.0189509 0.3929744 0.5601581	-0.03157888 0.999171 -0.02569375 1.200973	0.3921617 0.03603135 0.9191904 -0.07915695	0 0 0 1	
-0.9194211 -0.01980332 0.3927764 0.5591969	-0.03216269 0.9991722 -0.02491014 1.201448	0.391958 0.03553564 0.9192969 -0.07982147	0 0 0 1	
-0.9194745 -0.01916775 0.3926823 0.5602043	-0.03167065 0.9991759 -0.02538541 1.201102	0.3918721 0.03577774 0.9193239 -0.0796096	0 0 0 1	
-0.9198257 -0.01861392 0.3918855 0.5612093	-0.03118094 0.9991826 -0.02572774 1.200773	0.3910863 0.0358844 0.9196541 -0.07911044	0 0 0 1	
-0.9205635 -0.01936468 0.3901127 0.5606225	-0.03156707 0.9991916 -0.02489143 1.201139	0.3893153 0.03522885 0.9204305 -0.07895857	0 0 0 1	
-0.9213676 -0.02092486 0.3881285 0.5582964	-0.03277513 0.9991761 -0.02393621 1.201795	0.3873079 0.03477501 0.9212943 -0.07768717	0 0 0 1	
-0.9218705 -0.02134856 0.3869099 0.5580342	-0.03274983 0.9992012 -0.02289835 1.201965	0.386112 0.03378054 0.9218333 -0.07830858	0 0 0 1	
-0.9219236 -0.0215999 0.3867697 0.5578672	-0.03269818 0.9992201 -0.02213763 1.202074	0.3859898 0.03305586 0.9219109 -0.07930115	0 0 0 1	
-0.9218304 -0.02184596 0.3869774 0.5576665	-0.03272665 0.999232 -0.02154968 1.202202	0.3862094 0.03252962 0.9218373 -0.08027089	0 0 0 1	
-0.9217935 -0.02218648 0.3870462 0.5573683	-0.03293283 0.9992337 -0.02115456 1.202402	0.3862802 0.03224666 0.9218177 -0.08082911	0 0 0 1	
-0.921818 -0.02246879 0.386971 0.557172	-0.03333631 0.9992152 -0.021394 1.202618	0.3861866 0.03262156 0.9218436 -0.08042665	0 0 0 1	
-0.9218118 -0.02319166 0.3869435 0.5556422	-0.03442641 0.9991622 -0.02212841 1.202813	0.3861061 0.0337193 0.921838 -0.07896836	0 0 0 1	
-0.9222295 -0.02416033 0.3858873 0.5546319	-0.03503331 0.999162 -0.02116854 1.203308	0.3850525 0.03304116 0.922303 -0.0792824	0 0 0 1	
-0.9226292 -0.02565538 0.3848338 0.5529262	-0.03604862 0.9991536 -0.01981595 1.204088	0.3839996 0.0321555 0.9227731 -0.07987525	0 0 0 1	
-0.9226761 -0.02583942 0.3847096 0.5528484	-0.03573573 0.9991882 -0.01859597 1.204095	0.3839168 0.03090593 0.9228505 -0.08159387	0 0 0 1	
-0.9230553 -0.02497514 0.3838561 0.5542728	-0.03431009 0.9992582 -0.01748962 1.203451	0.3831345 0.02931402 0.9232275 -0.08330102	0 0 0 1	
-0.9240297 -0.02443707 0.3815393 0.5554622	-0.03298354 0.9993298 -0.01587535 1.202932	0.3808956 0.0272538 0.9242164 -0.08465084	0 0 0 1	
-0.9253345 -0.02504382 0.378324 0.5543269	-0.03320586 0.999335 -0.01506476 1.202874	0.3776951 0.02650251 0.9255507 -0.08259332	0 0 0 1	
-0.9261227 -0.0253022 0.376373 0.5543286	-0.03329937 0.9993365 -0.01475634 1.202953	0.3757499 0.02619916 0.9263508 -0.08180432	0 0 0 1	
-0.9267502 -0.02613028 0.3747683 0.5535343	-0.03430563 0.9992964 -0.01515833 1.203445	0.3741086 0.02690465 0.9269946 -0.07990701	0 0 0 1	
-0.9273384 -0.02713452 0.3732388 0.5524934	-0.03572842 0.9992314 -0.01612554 1.204088	0.3725143 0.02828907 0.9275951 -0.0771669	0 0 0 1	
-0.9284568 -0.02754644 0.3704182 0.5523965	-0.03689726 0.9991537 -0.01818047 1.204424	0.3696038 0.03054719 0.9286873 -0.07244498	0 0 0 1	
-0.9298035 -0.02745152 0.3670321 0.5530297	-0.03763853 0.9990785 -0.02062545 1.204447	0.3661277 0.03299215 0.9299799 -0.06710397	0 0 0 1	
-0.9318261 -0.02730871 0.3618761 0.5534246	-0.03739328 0.9990822 -0.02089222 1.204102	0.3609734 0.03299965 0.9319921 -0.06383629	0 0 0 1	
-0.933576 -0.02818792 0.3572697 0.5528369	-0.03797149 0.9990706 -0.02039787 1.204495	0.3563627 0.03260902 0.9337786 -0.06143619	0 0 0 1	
-0.9341693 -0.02940373 0.3556164 0.5514857	-0.03948442 0.998997 -0.02112079 1.205205	0.3546387 0.0337717 0.9343933 -0.05894303	0 0 0 1	
-0.9344463 -0.03041088 0.3548031 0.5503305	-0.04037397 0.99897 -0.02070937 1.205749	0.3538079 0.0336766 0.9347117 -0.05868179	0 0 0 1	
-0.9350038 -0.03032195 0.3533395 0.5507149	-0.04051179 0.9989482 -0.02147686 1.205696	0.3523166 0.03439535 0.9352487 -0.0569452	0 0 0 1	
-0.9351869 -0.0299845 0.3528832 0.551333	-0.04005708 0.9989709 -0.02127392 1.205467	0.3518822 0.03403056 0.9354255 -0.05730473	0 0 0 1	
-0.935649 -0.02991776 0.3516623 0.5512213	-0.04012699 0.9989572 -0.02177716 1.205426	0.3506441 0.03448692 0.9358739 -0.0548853	0 0 0 1	
-0.935676 -0.02938369 0.3516358 0.5520281	-0.0395845 0.9989772 -0.02185391 1.205124	0.350634 0.0343675 0.9358822 -0.05515191	0 0 0 1	
-0.9358265 -0.02864044 0.3512958 0.5531488	-0.03883054 0.9990037 -0.02199499 1.204693	0.3503158 0.0342245 0.9360063 -0.05524927	0 0 0 1	
-0.9360042 -0.0277538 0.3508931 0.5544742	-0.03788639 0.9990389 -0.02204286 1.20417	0.3499441 0.03392629 0.936156 -0.05551304	0 0 0 1	
-0.9365524 -0.02668074 0.349511 0.5561582	-0.03687138 0.9990659 -0.0225348 1.203537	0.3485832 0.03399197 0.9366614 -0.05465944	0 0 0 1	
-0.9367496 -0.02531627 0.3490845 0.5581354	-0.0357078 0.9990891 -0.02336409 1.20276	0.3481751 0.03435133 0.9368002 -0.05405724	0 0 0 1	
-0.9366193 -0.02530151 0.3494342 0.5578246	-0.0359373 0.9990661 -0.02398645 1.202866	0.348501 0.03502389 0.9366539 -0.05253883	0 0 0 1	
-0.9366515 -0.02508888 0.3493631 0.5581877	-0.0357401 0.9990711 -0.02407364 1.202738	0.3484346 0.03503488 0.9366782 -0.0525592	0 0 0 1	
-0.9368683 -0.02478073 0.3488031 0.5587321	-0.03539545 0.999083 -0.02409058 1.202536	0.3478863 0.03491575 0.9368863 -0.05243118	0 0 0 1	
-0.937209 -0.02426688 0.347923 0.5595862	-0.03495734 0.9990889 -0.02448117 1.202221	0.347012 0.03510644 0.9372034 -0.05168976	0 0 0 1	
-0.9374124 -0.02404715 0.3473906 0.5600178	-0.03473013 0.999095 -0.02455755 1.202074	0.3464857 0.03508547 0.9373991 -0.05145806	0 0 0 1	
-0.9379228 -0.02420596 0.3459988 0.5600411	-0.03482218 0.9990932 -0.02449865 1.202127	0.3450921 0.03502627 0.9379153 -0.05070822	0 0 0 1	
-0.9381249 -0.02463969 0.3454194 0.5588642	-0.03530201 0.9990736 -0.02461017 1.202458	0.344493 0.03528141 0.9381257 -0.04947506	0 0 0 1	
-0.9380039 -0.02459643 0.3457511 0.5589297	-0.03524702 0.999077 -0.02454979 1.202433	0.3448282 0.03521449 0.9380051 -0.04983723	0 0 0 1	
-0.9379281 -0.02487401 0.3459366 0.5585879	-0.03544507 0.999077 -0.02426419 1.202587	0.3450138 0.03501982 0.9379441 -0.05027255	0 0 0 1	
-0.9379094 -0.02485045 0.3459898 0.5586633	-0.03540132 0.9990799 -0.02420774 1.20257	0.3450699 0.03495316 0.9379261 -0.05046155	0 0 0 1	
-0.9379464 -0.02425118 0.3459318 0.5595207	-0.034877 0.9990907 -0.02452397 1.20222	0.3450225 0.03506723 0.9379393 -0.05035342	0 0 0 1	
-0.9379877 -0.023726 0.3458562 0.5602882	-0.03443383 0.999098 -0.0248482 1.201911	0.3449547 0.03521645 0.9379586 -0.05019055	0 0 0 1	
-0.9379641 -0.02412937 0.3458926 0.5590361	-0.03488943 0.9990805 -0.02491478 1.202357	0.3449734 0.03543715 0.9379435 -0.04946876	0 0 0 1	
-0.9381145 -0.02415119 0.3454824 0.5590752	-0.03489532 0.9990804 -0.02491248 1.202373	0.344563 0.03542648 0.9380946 -0.04927449	0 0 0 1	
-0.9383678 -0.02398138 0.3448053 0.5593967	-0.03478065 0.999078 -0.02516716 1.202278	0.3438838 0.0356086 0.9383368 -0.04865758	0 0 0 1	
-0.9385967 -0.02379855 0.3441949 0.5597351	-0.03456062 0.9990857 -0.02516505 1.202167	0.3432813 0.03551542 0.9385611 -0.04845269	0 0 0 1	
-0.9387857 -0.02394836 0.3436683 0.5596253	-0.03469604 0.9990813 -0.02515735 1.202257	0.3427501 0.03554129 0.9387541 -0.04814525	0 0 0 1	
-0.9389191 -0.02467346 0.3432528 0.5587443	-0.03529013 0.9990714 -0.02471652 1.202678	0.3423242 0.03532024 0.9389179 -0.04823674	0 0 0 1	
-0.9391555 -0.02636127 0.3424795 0.5563437	-0.03683732 0.9990302 -0.02411899 1.203629	0.3415115 0.03526751 0.9392157 -0.04749462	0 0 0 1	
