-1.192093E-07 1 0 0	-1 -1.192093E-07 0 0	0 0 -1 0	0 0 0 1	
0.3409309 -0.1054118 -0.9341598 0	0.1858646 0.9816368 -0.04293601 0	-0.9215316 0.158989 -0.3542626 0	0 0 0 1	
0.3452843 -0.1063923 -0.9324481 0	0.1867482 0.9814736 -0.04283353 0	-0.9197304 0.1593432 -0.3587561 0	0 0 0 1	
0.3458294 -0.1069639 -0.9321807 0	0.1875123 0.981319 -0.04303716 0	-0.91937 0.1599118 -0.359426 0	0 0 0 1	
0.3493736 -0.1074453 -0.9308026 0	0.1883809 0.9811738 -0.04255168 0	-0.9178512 0.160479 -0.3630369 0	0 0 0 1	
0.3493837 -0.1075901 -0.9307821 0	0.1886612 0.9811182 -0.04259157 0	-0.9177898 0.1607216 -0.3630848 0	0 0 0 1	
0.3494347 -0.1076872 -0.9307518 0	0.1889359 0.981066 -0.04257575 0	-0.9177139 0.160975 -0.3631645 0	0 0 0 1	
0.3491541 -0.1079646 -0.9308249 0	0.1894043 0.9809688 -0.04273481 0	-0.917724 0.1613812 -0.3629583 0	0 0 0 1	
0.3488913 -0.1086015 -0.9308495 0	0.1906248 0.980722 -0.04297199 0	-0.9175714 0.1624504 -0.3628675 0	0 0 0 1	
0.3482161 -0.1092229 -0.9310296 0	0.1916456 0.9805064 -0.04334945 0	-0.9176152 0.1633328 -0.3623602 0	0 0 0 1	
0.3479327 -0.1099301 -0.9310522 0	0.1926669 0.9802887 -0.04374419 0	-0.9175087 0.1641629 -0.3622544 0	0 0 0 1	
0.3485913 -0.1084606 -0.9309782 0	0.1874243 0.9812866 -0.04414333 0	-0.9183443 0.1591 -0.3623962 0	0 0 0 1	
0.3498206 -0.1085457 -0.9305071 0	0.1889265 0.9810311 -0.04341326 0	-0.9175687 0.1606106 -0.363692 0	0 0 0 1	
0.3485329 -0.1093607 -0.9308947 0	0.192091 0.9804232 -0.04325916 0	-0.9174017 0.1637393 -0.3627169 0	0 0 0 1	
0.3462683 -0.1100716 -0.9316558 0	0.1943288 0.9799691 -0.04355344 0	-0.9177878 0.1659664 -0.3607223 0	0 0 0 1	
0.3450837 -0.1104841 -0.9320464 0	0.1956087 0.9797074 -0.04371105 0	-0.9179622 0.1672324 -0.3596927 0	0 0 0 1	
0.3443624 -0.1105633 -0.9323037 0	0.1967746 0.9794843 -0.04347645 0	-0.9179838 0.1684821 -0.3590537 0	0 0 0 1	
0.3434516 -0.1110921 -0.9325768 0	0.1981326 0.9792016 -0.04367749 0	-0.9180329 0.1697728 -0.3583193 0	0 0 0 1	
0.3432848 -0.1113992 -0.9326017 0	0.1987063 0.9790795 -0.04380848 0	-0.9179714 0.170275 -0.3582388 0	0 0 0 1	
0.3412337 -0.1107585 -0.9334303 0	0.1983037 0.9791663 -0.04369167 0	-0.9188227 0.1701936 -0.3560884 0	0 0 0 1	
0.3386962 -0.1098794 -0.9344579 0	0.1981939 0.9792057 -0.04330537 0	-0.9197849 0.1705364 -0.3534307 0	0 0 0 1	
0.3366182 -0.1095269 -0.9352499 0	0.1983206 0.9791807 -0.04329138 0	-0.9205202 0.1709066 -0.3513315 0	0 0 0 1	
0.3356091 -0.109263 -0.9356433 0	0.1979438 0.9792541 -0.0433547 0	-0.9209695 0.1706545 -0.3502745 0	0 0 0 1	
0.333923 -0.1091819 -0.9362557 0	0.1968242 0.9794501 -0.04402008 0	-0.921822 0.1695785 -0.3485506 0	0 0 0 1	
0.3316364 -0.1091613 -0.9370705 0	0.196309 0.9795258 -0.04463175 0	-0.9227568 0.1691538 -0.3462757 0	0 0 0 1	
0.3290311 -0.1087662 -0.9380344 0	0.1957128 0.979631 -0.04493983 0	-0.9238155 0.1687987 -0.3436159 0	0 0 0 1	
0.3256996 -0.1076522 -0.9393247 0	0.195063 0.9797738 -0.04465207 0	-0.9251326 0.1686843 -0.3401109 0	0 0 0 1	
0.3232378 -0.106863 -0.9402646 0	0.1945179 0.9798892 -0.04449634 0	-0.9261102 0.1685154 -0.337524 0	0 0 0 1	
0.318871 -0.1053365 -0.9419265 0	0.1934596 0.9801159 -0.04411528 0	-0.927844 0.1681577 -0.3329089 0	0 0 0 1	
0.3153823 -0.1039321 -0.9432562 0	0.1929782 0.980239 -0.04348384 0	-0.9291359 0.1683139 -0.3292066 0	0 0 0 1	
0.3108582 -0.1023001 -0.9449349 0	0.1922582 0.9804065 -0.04289254 0	-0.9308082 0.168338 -0.3244354 0	0 0 0 1	
0.3069102 -0.1013722 -0.9463244 0	0.1918118 0.9804969 -0.04282475 0	-0.9322094 0.1683729 -0.3203689 0	0 0 0 1	
0.3013655 -0.09921061 -0.9483333 0	0.1909499 0.9807044 -0.04191626 0	-0.9341932 0.168452 -0.3144947 0	0 0 0 1	
0.2926459 -0.09651324 -0.9513378 0	0.188937 0.9811155 -0.04141431 0	-0.9373693 0.1676232 -0.3053544 0	0 0 0 1	
0.2848376 -0.09489095 -0.9538676 0	0.1874619 0.9813884 -0.04165009 0	-0.9400668 0.1669503 -0.2973248 0	0 0 0 1	
0.2755161 -0.09158467 -0.9569237 0	0.1860217 0.9817148 -0.04039826 0	-0.9431261 0.1668782 -0.2875149 0	0 0 0 1	
0.2614431 -0.0881125 -0.9611887 0	0.1845793 0.9820108 -0.03981572 0	-0.947406 0.167006 -0.2730037 0	0 0 0 1	
0.2508296 -0.08615121 -0.9641902 0	0.183529 0.9821995 -0.04001612 0	-0.9504746 0.1669196 -0.2621759 0	0 0 0 1	
0.2399379 -0.08335723 -0.967203 0	0.1823622 0.9824404 -0.0394311 0	-0.9535062 0.1669202 -0.2509259 0	0 0 0 1	
0.228417 -0.08162645 -0.9701355 0	0.1809561 0.9826744 -0.0400756 0	-0.9565985 0.166398 -0.2392304 0	0 0 0 1	
0.212254 -0.07841055 -0.9740636 0	0.177659 0.9832609 -0.04043805 0	-0.9609295 0.164468 -0.2226313 0	0 0 0 1	
0.1998148 -0.07494918 -0.9769629 0	0.1744368 0.9838636 -0.03980162 0	-0.9641814 0.1624654 -0.2096644 0	0 0 0 1	
0.1815785 -0.07016762 -0.9808699 0	0.1704501 0.9845989 -0.03888068 0	-0.9684916 0.1601295 -0.1907421 0	0 0 0 1	
0.1673926 -0.06840205 -0.9835147 -0.005205381	0.1670676 0.9851304 -0.04007979 0.0008727676	-0.9716318 0.1576044 -0.1763313 -0.0009152825	0 0 0 1	
0.1526716 -0.06545356 -0.9861071 -0.01052612	0.1631994 0.9857752 -0.04016458 0.002012218	-0.9747088 0.1548001 -0.1611819 -0.0016537	0 0 0 1	
0.1360312 -0.06147832 -0.9887952 -0.01596745	0.1600298 0.9863292 -0.03930927 0.003411441	-0.9776942 0.1528895 -0.1440099 -0.002106537	0 0 0 1	
0.117569 -0.05644844 -0.9914591 -0.02152913	0.1581364 0.9867077 -0.0374258 0.005073306	-0.9803931 0.1523857 -0.1249328 -0.002175786	0 0 0 1	
0.09847748 -0.05097442 -0.9938329 -0.02726072	0.1580765 0.9868081 -0.03495054 0.007004112	-0.982504 0.1536598 -0.1052362 -0.001786599	0 0 0 1	
0.07975709 -0.04515011 -0.9957913 -0.03274876	0.1615072 0.9863595 -0.03178667 0.007800288	-0.9836434 0.1582923 -0.08596122 0.0001286023	0 0 0 1	
0.05833811 -0.04076821 -0.9974642 -0.03887682	0.1641416 0.985959 -0.0306979 0.01022964	-0.9847103 0.1619345 -0.06421071 0.001603313	0 0 0 1	
0.03666478 -0.0365916 -0.9986574 -0.04521528	0.1682349 0.9852926 -0.02992532 0.01291241	-0.9850648 0.1669119 -0.04228151 0.003604395	0 0 0 1	
0.01827788 -0.03348599 -0.999272 -0.05188902	0.1747152 0.9841684 -0.02978412 0.01581805	-0.9844493 0.1740436 -0.023839 0.006063818	0 0 0 1	
-0.002064824 -0.03215 -0.9994809 -0.05888879	0.1812744 0.9829121 -0.03199153 0.018884	-0.9834303 0.1812464 -0.003798425 0.009002884	0 0 0 1	
-0.0275259 -0.02448133 -0.9993212 -0.05486272	0.1893216 0.9814791 -0.02925903 0.02373002	-0.9815292 0.1899985 0.02238131 0.01690865	0 0 0 1	
-0.05015671 -0.01954674 -0.9985501 -0.06107329	0.1959765 0.9801788 -0.02903094 0.02751712	-0.9793251 0.1971484 0.04533184 0.02084518	0 0 0 1	
-0.06869793 -0.01382671 -0.9975417 -0.06732269	0.2025954 0.9788758 -0.02752016 0.03172036	-0.97685 0.2039879 0.06444561 0.02492036	0 0 0 1	
-0.08706868 -0.007424571 -0.9961747 -0.07351755	0.2065317 0.9781117 -0.02534144 0.0364232	-0.9745582 0.2079481 0.08362949 0.02904764	0 0 0 1	
-0.1079361 0.0009339526 -0.9941575 -0.07941486	0.2072224 0.9780558 -0.0215794 0.04174396	-0.9723213 0.2083409 0.1057612 0.03337511	0 0 0 1	
-0.1389004 0.01164599 -0.9902378 -0.08489946	0.2030381 0.9790239 -0.01696601 0.04778496	-0.9692689 0.2034126 0.1383514 0.03846772	0 0 0 1	
-0.1743762 0.01896325 -0.9844965 -0.09081626	0.1962184 0.9804318 -0.0158697 0.05417617	-0.9649307 0.1959436 0.174685 0.04443873	0 0 0 1	
-0.2036881 0.01990012 -0.9788337 -0.103902	0.1926731 0.9810561 -0.02014853 0.06117873	-0.9598898 0.1926989 0.2036637 0.0561468	0 0 0 1	
-0.2357284 0.01825365 -0.9716476 -0.110798	0.1885431 0.9816854 -0.02729961 0.06815885	-0.953354 0.1896327 0.2348527 0.06413347	0 0 0 1	
-0.2632526 0.01605137 -0.9645933 -0.1175779	0.1859922 0.9819481 -0.03442006 0.07575052	-0.9466281 0.1884681 0.2614859 0.07255428	0 0 0 1	
-0.2846421 0.01454467 -0.9585235 -0.1241787	0.1858436 0.9817529 -0.04029074 0.08409079	-0.9404472 0.1896039 0.2821512 0.08113553	0 0 0 1	
-0.3085124 0.01274198 -0.9511349 -0.1302988	0.1858745 0.9814419 -0.04714274 0.0929773	-0.932883 0.1913359 0.3051555 0.0904797	0 0 0 1	
-0.3372173 0.009648249 -0.9413775 -0.1357719	0.1829979 0.9815459 -0.055493 0.10255	-0.9234697 0.1909833 0.3327599 0.1006062	0 0 0 1	
-0.3663561 0.007798076 -0.9304423 -0.1375313	0.1814265 0.9813709 -0.06321068 0.1169333	-0.9126161 0.1919645 0.3609461 0.1235506	0 0 0 1	
-0.3901287 0.006065957 -0.9207405 -0.1416915	0.1755413 0.9821271 -0.06790853 0.1293141	-0.9038723 0.188121 0.3842208 0.1342161	0 0 0 1	
-0.4123639 0.005509458 -0.9110027 -0.1452617	0.1721262 0.9824422 -0.07197113 0.1424466	-0.8946109 0.1864857 0.406072 0.1456472	0 0 0 1	
-0.430993 0.006140597 -0.9023343 -0.1485853	0.1732662 0.9819323 -0.07607697 0.1557633	-0.8855641 0.1891327 0.4242699 0.1579128	0 0 0 1	
-0.4459537 0.006722577 -0.895031 -0.1521057	0.1756813 0.9811777 -0.08016442 0.1693327	-0.8776456 0.1929898 0.438741 0.1703699	0 0 0 1	
-0.4580522 0.007694945 -0.8888921 -0.1594422	0.1812351 0.9797674 -0.08491005 0.1778786	-0.870254 0.1999917 0.4501791 0.189083	0 0 0 1	
-0.4684314 0.008833185 -0.8834558 -0.1628381	0.1823668 0.9793825 -0.08690335 0.1928447	-0.8644735 0.2018212 0.4603844 0.2016641	0 0 0 1	
-0.4767729 0.009894654 -0.8789708 -0.1662979	0.1825905 0.9792414 -0.08801764 0.2088981	-0.8598537 0.2024561 0.4686824 0.21414	0 0 0 1	
-0.4865283 0.01391054 -0.8735541 -0.1681266	0.1870595 0.9783446 -0.08860403 0.2250315	-0.8534044 0.2065149 0.4785943 0.2282857	0 0 0 1	
-0.5016912 0.0177049 -0.8648655 -0.1683927	0.1934381 0.9767693 -0.09221385 0.2403754	-0.8431416 0.2135608 0.4934614 0.2446045	0 0 0 1	
-0.522476 0.02065017 -0.8524039 -0.1671256	0.1989083 0.975076 -0.09829767 0.2553552	-0.8291286 0.2209084 0.5135612 0.262372	0 0 0 1	
-0.5432024 0.02735623 -0.8391563 -0.1623593	0.2066186 0.9730876 -0.1020259 0.2679914	-0.8137816 0.228806 0.5342358 0.2842603	0 0 0 1	
-0.5632651 0.03520927 -0.8255259 -0.1574777	0.2129863 0.9715165 -0.1038869 0.2841485	-0.7983543 0.2343416 0.5547205 0.3023378	0 0 0 1	
-0.5815119 0.03860907 -0.8126213 -0.1541597	0.2150931 0.9706252 -0.1078045 0.3006996	-0.7845884 0.2374788 0.5727346 0.3193444	0 0 0 1	
-0.6024297 0.03521337 -0.7973949 -0.1524889	0.2108213 0.9705679 -0.1164141 0.3173286	-0.7698265 0.2382391 0.5921227 0.3356901	0 0 0 1	
-0.6299472 0.0289546 -0.776098 -0.1494305	0.201848 0.9710682 -0.1276085 0.3343173	-0.7499492 0.2370405 0.6175661 0.3520577	0 0 0 1	
-0.6613574 0.02728797 -0.7495745 -0.1418187	0.1937902 0.9716249 -0.1356115 0.3522463	-0.7246047 0.2349478 0.6478795 0.3684512	0 0 0 1	
-0.6887367 0.03519166 -0.7241571 -0.1292043	0.1921595 0.9719605 -0.1355263 0.3717653	-0.6990827 0.2324956 0.6761873 0.3868744	0 0 0 1	
-0.7083482 0.04850855 -0.7041946 -0.1153424	0.1972716 0.9714875 -0.1315141 0.3908898	-0.6777367 0.2320754 0.6977208 0.4020284	0 0 0 1	
-0.721648 0.05990148 -0.6896635 -0.104036	0.2050864 0.9700257 -0.130345 0.4082958	-0.6611835 0.2355038 0.7123021 0.418108	0 0 0 1	
-0.7306027 0.06562272 -0.6796422 -0.09721418	0.2136905 0.9673446 -0.1363115 0.4226763	-0.6485031 0.2448227 0.7207676 0.4365287	0 0 0 1	
-0.7367873 0.06723604 -0.6727733 -0.09376262	0.223071 0.9635009 -0.1480051 0.4340047	-0.6382664 0.2591245 0.7248937 0.4572606	0 0 0 1	
-0.7406167 0.070146 -0.6682565 -0.09033494	0.2346376 0.958927 -0.1593873 0.4439966	-0.6296288 0.2748429 0.7266562 0.4787823	0 0 0 1	
-0.7418817 0.07462741 -0.6663655 -0.08666855	0.2462405 0.9546725 -0.1672303 0.4548168	-0.6236808 0.2881512 0.7266304 0.4998198	0 0 0 1	
-0.7447655 0.07434615 -0.6631719 -0.08532996	0.2507067 0.9521489 -0.17481 0.4674451	-0.6184419 0.2964541 0.7277668 0.5178453	0 0 0 1	
-0.750995 0.06507561 -0.6570936 -0.08860925	0.2443735 0.9518648 -0.1850269 0.4821058	-0.6134236 0.2995305 0.7307485 0.5331076	0 0 0 1	
-0.7619376 0.049224 -0.6457772 -0.09418645	0.2267649 0.9542664 -0.1948162 0.5003604	-0.6066539 0.2948774 0.7382537 0.5440508	0 0 0 1	
-0.7759333 0.03389318 -0.6299039 -0.09750664	0.2030659 0.9588231 -0.198551 0.5231439	-0.5972368 0.2819744 0.7508653 0.5499696	0 0 0 1	
-0.7895855 0.02315135 -0.6132038 -0.09716283	0.1776455 0.9651221 -0.1923054 0.5511037	-0.5873644 0.2607744 0.7661591 0.5500091	0 0 0 1	
-0.800071 0.01506914 -0.5997161 -0.09528653	0.1514486 0.9723772 -0.1776119 0.5825847	-0.5804738 0.2329283 0.7802529 0.5441204	0 0 0 1	
-0.8073115 0.002877891 -0.5901185 -0.09958143	0.1224836 0.9790288 -0.1627892 0.6155005	-0.5772745 0.2037015 0.7907337 0.5354655	0 0 0 1	
-0.8124408 -0.01434701 -0.5828674 -0.1094392	0.09159443 0.9841435 -0.1518948 0.646803	-0.5758044 0.1767929 0.7982441 0.526692	0 0 0 1	
-0.8173896 -0.03564918 -0.5749812 -0.1228963	0.05960442 0.9874935 -0.1459585 0.6755756	-0.5729935 0.1535763 0.8050421 0.5193185	0 0 0 1	
-0.8228898 -0.05833926 -0.5651982 -0.1372137	0.02809093 0.9893217 -0.1430154 0.7021968	-0.5675063 0.1335628 0.812464 0.5133426	0 0 0 1	
-0.8283337 -0.07836683 -0.5547271 -0.14944	-0.0008169599 0.9903361 -0.1386858 0.7283029	-0.5602347 0.114425 0.8203928 0.5070645	0 0 0 1	
-0.8316728 -0.09364931 -0.5473116 -0.1613082	-0.02617135 0.9911906 -0.1298316 0.7534898	-0.5546488 0.09365349 0.8267972 0.498335	0 0 0 1	
-0.8322814 -0.1046403 -0.5443879 -0.1700631	-0.04730124 0.9918467 -0.1183332 0.7802467	-0.5523317 0.07273633 0.8304452 0.4882216	0 0 0 1	
-0.8317839 -0.1135996 -0.5433515 -0.1781177	-0.06466953 0.9920015 -0.1084011 0.8053284	-0.5513198 0.05502802 0.8324773 0.4798527	0 0 0 1	
-0.8322595 -0.1215459 -0.5408978 -0.1845841	-0.07763375 0.9916083 -0.1033734 0.8270447	-0.5489234 0.04404155 0.8347116 0.4767779	0 0 0 1	
-0.835034 -0.1284007 -0.5350061 -0.1880734	-0.08699577 0.9909681 -0.1020484 0.8459352	-0.5432771 0.03867065 0.8386624 0.4784881	0 0 0 1	
-0.8382968 -0.1317401 -0.5290592 -0.1878209	-0.09269741 0.9906793 -0.0998079 0.8641893	-0.5372767 0.0346262 0.8426952 0.4810956	0 0 0 1	
-0.8400447 -0.1324295 -0.5261061 -0.1899897	-0.096467 0.9907576 -0.09535907 0.8800006	-0.533872 0.02935399 0.8450558 0.4790403	0 0 0 1	
-0.8420869 -0.133977 -0.5224367 -0.1888392	-0.09906232 0.990597 -0.09436189 0.8959263	-0.5301666 0.0277071 0.8474408 0.4832367	0 0 0 1	
-0.8455486 -0.1385061 -0.5156196 -0.1890391	-0.1031948 0.9899499 -0.09669511 0.9098654	-0.5238305 0.02855115 0.8513439 0.4896768	0 0 0 1	
-0.8487792 -0.1441115 -0.5087294 -0.1903688	-0.1083187 0.9891267 -0.09947504 0.9231047	-0.5175334 0.02932743 0.8551602 0.495726	0 0 0 1	
-0.8495467 -0.1502734 -0.5056564 -0.1944901	-0.1153482 0.9882879 -0.09990904 0.9369664	-0.5147478 0.0265508 0.8569305 0.4978898	0 0 0 1	
-0.8479562 -0.1559902 -0.5065944 -0.2004675	-0.1236074 0.9875603 -0.09719041 0.9518899	-0.5154532 0.01979436 0.8566893 0.4958104	0 0 0 1	
-0.8440554 -0.1603565 -0.5117189 -0.2174827	-0.1340187 0.9870415 -0.08825031 0.9755344	-0.5192393 0.005908251 0.8546085 0.4682629	0 0 0 1	
-0.841258 -0.1653878 -0.5147152 -0.2240952	-0.1415208 0.9862282 -0.08559018 0.9891334	-0.5217823 -0.0008394904 0.8530784 0.4652434	0 0 0 1	
-0.8373532 -0.1689154 -0.5199107 -0.2302491	-0.1462977 0.9856167 -0.0845971 1.001285	-0.5267224 -0.005224098 0.8500212 0.4648384	0 0 0 1	
-0.8325247 -0.1718534 -0.5266589 -0.2366605	-0.1487951 0.9851006 -0.0862368 1.011557	-0.533632 -0.006569996 0.8456914 0.4678754	0 0 0 1	
-0.8288345 -0.1746229 -0.531545 -0.2418333	-0.1496428 0.9846235 -0.09013104 1.020167	-0.5391107 -0.004838165 0.842221 0.4745297	0 0 0 1	
-0.8254222 -0.1778691 -0.535762 -0.2472948	-0.1504116 0.9840517 -0.09496625 1.027806	-0.544109 -0.002197575 0.8390118 0.4823251	0 0 0 1	
-0.8228824 -0.175178 -0.5405341 -0.246169	-0.1488735 0.9845269 -0.09243079 1.034638	-0.5483623 -0.004411567 0.8362293 0.4655889	0 0 0 1	
-0.8205233 -0.168376 -0.546252 -0.2404963	-0.1404719 0.9857227 -0.09283543 1.043769	-0.5540842 -0.0005594417 0.8324605 0.4740131	0 0 0 1	
-0.8201318 -0.157387 -0.5501028 -0.2284866	-0.1268884 0.9875138 -0.0933582 1.052187	-0.5579274 0.006764393 0.8298621 0.4865287	0 0 0 1	
-0.8222594 -0.1450157 -0.5503272 -0.2123553	-0.1109525 0.9892837 -0.09490699 1.059246	-0.5581928 0.01697795 0.8295377 0.5025784	0 0 0 1	
-0.8259255 -0.1326596 -0.5479499 -0.1943552	-0.0966228 0.9908489 -0.0942467 1.067076	-0.5554383 0.02489628 0.8311853 0.5161095	0 0 0 1	
-0.829905 -0.1204793 -0.5447409 -0.1757116	-0.08562019 0.9923418 -0.08903315 1.077319	-0.5512959 0.02724823 0.8338649 0.5232078	0 0 0 1	
-0.8326555 -0.1061306 -0.5435267 -0.152577	-0.07564529 0.9940622 -0.07821871 1.084939	-0.5486007 0.024014 0.8357397 0.5134175	0 0 0 1	
-0.8341967 -0.09421802 -0.543359 -0.1355634	-0.06639979 0.9952893 -0.07064153 1.095914	-0.5474552 0.02284999 0.8365232 0.5159678	0 0 0 1	
-0.8357447 -0.08558296 -0.5424081 -0.1220122	-0.0580668 0.9960155 -0.06768511 1.104481	-0.5460396 0.02507157 0.8373843 0.5225977	0 0 0 1	
-0.8374939 -0.07823237 -0.5408177 -0.1095942	-0.04921972 0.9964756 -0.06792571 1.111111	-0.5442257 0.03026847 0.8383927 0.532813	0 0 0 1	
-0.8407259 -0.07117397 -0.5367628 -0.09599049	-0.04148547 0.9968762 -0.06720609 1.118259	-0.5398694 0.03423405 0.8410523 0.5415843	0 0 0 1	
-0.8462652 -0.0658397 -0.528678 -0.08215594	-0.03653557 0.9971703 -0.06570088 1.126234	-0.5315077 0.03628482 0.846276 0.5479661	0 0 0 1	
-0.8477836 -0.06560981 -0.5262684 -0.07826389	-0.03594946 0.9971452 -0.06640176 1.130915	-0.5291227 0.03737526 0.8477219 0.5489215	0 0 0 1	
-0.8469296 -0.07173122 -0.5268447 -0.08469313	-0.04110955 0.9967261 -0.06962109 1.138909	-0.5301139 0.0373058 0.8471056 0.5524411	0 0 0 1	
-0.8460088 -0.08048295 -0.5270595 -0.09444042	-0.0489305 0.9960895 -0.07356396 1.147542	-0.530919 0.03644647 0.8466384 0.5546042	0 0 0 1	
-0.8469855 -0.09146822 -0.5236881 -0.1049846	-0.05925819 0.9951922 -0.07798085 1.156628	-0.528303 0.03501584 0.8483336 0.5554292	0 0 0 1	
-0.8487213 -0.1037701 -0.5185598 -0.1163969	-0.07134246 0.9940625 -0.08215858 1.16591	-0.5240064 0.0327344 0.8510852 0.5546212	0 0 0 1	
-0.8515879 -0.1152626 -0.511383 -0.1256573	-0.0829715 0.9928674 -0.08561666 1.174837	-0.5176038 0.0304799 0.8550773 0.553269	0 0 0 1	
-0.8547063 -0.1278015 -0.5031345 -0.1361684	-0.09344843 0.9912668 -0.09304566 1.18153	-0.5106319 0.03250957 0.8591849 0.5555227	0 0 0 1	
-0.859764 -0.1418704 -0.4905908 -0.1458633	-0.1025024 0.9890288 -0.1063738 1.183135	-0.5002997 0.04116961 0.8648733 0.5666943	0 0 0 1	
-0.8633178 -0.1527245 -0.4809965 -0.1534038	-0.1067109 0.9868022 -0.1217961 1.181494	-0.4932496 0.05382118 0.8682213 0.582876	0 0 0 1	
-0.8632814 -0.158251 -0.4792721 -0.1587673	-0.1053291 0.9851537 -0.1355657 1.178702	-0.4936101 0.06655007 0.8671333 0.5996141	0 0 0 1	
-0.8617852 -0.1589734 -0.4817198 -0.1602445	-0.09969189 0.9841825 -0.1464458 1.175919	-0.4973812 0.07818125 0.8640022 0.6150613	0 0 0 1	
-0.8608457 -0.1570363 -0.4840294 -0.1580442	-0.09391709 0.9838813 -0.1521747 1.175443	-0.5001244 0.08554026 0.8617184 0.6247516	0 0 0 1	
-0.8606399 -0.1518783 -0.4860371 -0.1531939	-0.08935279 0.9847179 -0.149488 1.181718	-0.5013134 0.08522658 0.8610584 0.6244016	0 0 0 1	
-0.8626906 -0.1432487 -0.4850208 -0.1400541	-0.08847953 0.9870056 -0.134132 1.193876	-0.4979325 0.0728 0.8641551 0.608053	0 0 0 1	
-0.8662928 -0.1350909 -0.4809234 -0.1259351	-0.09188065 0.989404 -0.112417 1.209688	-0.4910141 0.05319843 0.8695259 0.5819603	0 0 0 1	
-0.8708586 -0.132523 -0.4733323 -0.1177744	-0.101556 0.9907023 -0.09052846 1.225746	-0.4809285 0.03076775 0.87622 0.5515913	0 0 0 1	
-0.8750075 -0.1380335 -0.4640139 -0.1201425	-0.1175024 0.9903831 -0.07303788 1.239415	-0.4696332 0.009385932 0.8828119 0.5221055	0 0 0 1	
-0.8775833 -0.1492313 -0.4556068 -0.1312094	-0.136629 0.9887615 -0.06069025 1.249909	-0.4595433 -0.008988341 0.8881098 0.4965002	0 0 0 1	
-0.8788877 -0.15883 -0.449811 -0.1447666	-0.1506354 0.9871013 -0.05422208 1.254662	-0.4526211 -0.02010234 0.8914765 0.4797093	0 0 0 1	
-0.8837521 -0.1560341 -0.4411753 -0.1361075	-0.1502391 0.9874696 -0.0482911 1.25803	-0.4431823 -0.02360443 0.8961208 0.4738856	0 0 0 1	
-0.8929076 -0.1393606 -0.4281296 -0.1050056	-0.1344233 0.9900371 -0.04191408 1.258916	-0.4297054 -0.02012518 0.902745 0.4768065	0 0 0 1	
-0.9033659 -0.1121199 -0.4139557 -0.05852136	-0.1065901 0.9936323 -0.03651608 1.256598	-0.4154139 -0.01113622 0.9095643 0.4867977	0 0 0 1	
-0.9117827 -0.08424651 -0.401939 -0.01281473	-0.07651211 0.9964439 -0.0352902 1.250779	-0.4034827 0.001423797 0.9149863 0.5016682	0 0 0 1	
-0.9169601 -0.06537119 -0.3935873 0.01795381	-0.05428773 0.997754 -0.03924082 1.24364	-0.3952685 0.0146153 0.9184494 0.517789	0 0 0 1	
-0.919072 -0.06107124 -0.3893296 0.02438521	-0.04614343 0.9978006 -0.04758899 1.235803	-0.3913797 0.02577269 0.9198686 0.5320402	0 0 0 1	
-0.920007 -0.0669278 -0.3861449 0.01782638	-0.04978716 0.9972863 -0.05423261 1.234128	-0.3887268 0.03066932 0.9208426 0.5380035	0 0 0 1	
-0.9191695 -0.07726956 -0.3862092 0.003173918	-0.06157499 0.9967015 -0.05286478 1.237995	-0.3890201 0.02481086 0.9208955 0.5302857	0 0 0 1	
-0.9179341 -0.0842661 -0.3876809 -0.0076271	-0.07523972 0.9964246 -0.03843292 1.247831	-0.3895334 0.006109873 0.9209921 0.5055792	0 0 0 1	
-0.9167414 -0.08483573 -0.3903692 -0.01007202	-0.08652955 0.9961607 -0.01328183 1.261225	-0.3899973 -0.02160247 0.9205625 0.4685901	0 0 0 1	
-0.915928 -0.08148538 -0.3929832 -0.00685674	-0.09509625 0.9953512 0.01525449 1.274484	-0.3899133 -0.05134325 0.9194191 0.4284049	0 0 0 1	
-0.9148574 -0.07791153 -0.396189 -0.005255282	-0.1010138 0.9941686 0.03774975 1.284254	-0.3909375 -0.0745562 0.9173926 0.3975997	0 0 0 1	
-0.9135784 -0.07531287 -0.3996281 -0.003244191	-0.1049687 0.9930722 0.05281414 1.290163	-0.3928819 -0.09019829 0.9151547 0.3764696	0 0 0 1	
-0.9100428 -0.07307636 -0.4080226 -0.004556388	-0.1063515 0.9925504 0.05943898 1.292538	-0.4006394 -0.09748583 0.9110351 0.3676843	0 0 0 1	
-0.9045289 -0.07376723 -0.4199837 -0.011884	-0.1068843 0.9927023 0.05583796 1.291447	-0.4127998 -0.09539671 0.9058125 0.3724255	0 0 0 1	
-0.8982354 -0.07906736 -0.4323443 -0.02577987	-0.1081752 0.9931968 0.04310766 1.287498	-0.4259946 -0.08548976 0.9006777 0.3879629	0 0 0 1	
-0.8918251 -0.09007189 -0.4433227 -0.04679236	-0.1122786 0.993386 0.02403823 1.281591	-0.4382254 -0.07121354 0.8960397 0.4091318	0 0 0 1	
-0.8856739 -0.1044338 -0.4524106 -0.07095784	-0.1174238 0.9930817 0.0006365199 1.274421	-0.4492142 -0.05368754 0.8918095 0.4360378	0 0 0 1	
-0.8815942 -0.1151512 -0.4577464 -0.08872899	-0.1182679 0.992739 -0.02195711 1.265615	-0.4569511 -0.03477945 0.8888116 0.4624333	0 0 0 1	
-0.879613 -0.1184926 -0.4606959 -0.09518604	-0.1118735 0.9928446 -0.04176148 1.256321	-0.4623478 -0.01480572 0.8865752 0.4897617	0 0 0 1	
-0.8799825 -0.1188653 -0.4598933 -0.09540847	-0.1031792 0.9928995 -0.05919941 1.247042	-0.4636647 0.004643036 0.8859986 0.5156623	0 0 0 1	
-0.8831717 -0.1188803 -0.4537354 -0.09197313	-0.09654185 0.9927083 -0.07217976 1.239758	-0.4590077 0.01994264 0.8882087 0.5352072	0 0 0 1	
-0.8876376 -0.1180793 -0.4451479 -0.08594462	-0.09293305 0.9926134 -0.07798805 1.236375	-0.4510686 0.02785617 0.8920544 0.5445529	0 0 0 1	
-0.8920691 -0.1130936 -0.4375187 -0.07508427	-0.08885045 0.9931745 -0.0755647 1.23605	-0.4430783 0.0285352 0.8960288 0.5450253	0 0 0 1	
-0.8963016 -0.1060698 -0.4305724 -0.06125176	-0.08563051 0.9940959 -0.06663869 1.240227	-0.4350986 0.02285823 0.9000926 0.5364916	0 0 0 1	
-0.8995218 -0.1001051 -0.4252528 -0.04972246	-0.08423635 0.9948703 -0.05601172 1.245324	-0.4286784 0.01456202 0.90334 0.5245994	0 0 0 1	
-0.9025108 -0.09545317 -0.4199564 -0.03995779	-0.08450071 0.9954222 -0.04465566 1.250882	-0.4222964 0.004815601 0.9064453 0.5107406	0 0 0 1	
-0.9055439 -0.08916867 -0.4147764 -0.02808207	-0.08330511 0.9960022 -0.03224815 1.256447	-0.4159937 -0.00535087 0.9093519 0.4962641	0 0 0 1	
-0.908282 -0.08330125 -0.4099821 -0.01709697	-0.08180168 0.9964225 -0.02123085 1.261072	-0.4102839 -0.01425363 0.9118468 0.4834839	0 0 0 1	
-0.9103093 -0.07988017 -0.4061478 -0.01214564	-0.07988017 0.9966598 -0.0169832 1.261334	-0.4061478 -0.0169832 0.9136496 0.480472	0 0 0 1	
-0.9130465 -0.07860369 -0.4002094 -0.006869137	-0.08051927 0.9966801 -0.01205596 1.263759	-0.3998284 -0.02121691 0.9163444 0.4739845	0 0 0 1	
-0.9155858 -0.07894905 -0.3942971 -0.003841728	-0.08111182 0.996642 -0.01120762 1.264401	-0.3938579 -0.02172062 0.9189149 0.4723708	0 0 0 1	
-0.9178722 -0.07837173 -0.3890615 7.641315E-05	-0.07998251 0.996723 -0.01208344 1.263934	-0.3887336 -0.02002706 0.9211327 0.4736957	0 0 0 1	
-0.9198401 -0.07389048 -0.3852721 0.008549035	-0.07458265 0.9971279 -0.01317029 1.26247	-0.3851387 -0.01662005 0.9227091 0.4774019	0 0 0 1	
-0.9214289 -0.06764192 -0.3826142 0.01881596	-0.06764192 0.9976187 -0.01346954 1.260932	-0.3826142 -0.01346954 0.9238101 0.4808292	0 0 0 1	
-0.9223549 -0.06211896 -0.3813171 0.02527863	-0.06181867 0.9980021 -0.01304979 1.258145	-0.3813659 -0.01153598 0.9243522 0.4836795	0 0 0 1	
-0.9240501 -0.06056134 -0.3774439 0.02969314	-0.06027947 0.9981024 -0.01257186 1.258214	-0.3774891 -0.0111351 0.9259472 0.4832549	0 0 0 1	
-0.925851 -0.06123494 -0.3728945 0.03141116	-0.06123494 0.998053 -0.01185667 1.259089	-0.3728945 -0.01185667 0.927798 0.481222	0 0 0 1	
-0.9277226 -0.06092099 -0.3682656 0.03449813	-0.06092099 0.9980748 -0.01163814 1.259514	-0.3682656 -0.01163814 0.9296478 0.4803869	0 0 0 1	
-0.9298626 -0.0563667 -0.3635638 0.04331161	-0.05770351 0.9983078 -0.007192662 1.261048	-0.3633541 -0.01429072 0.9315417 0.4759922	0 0 0 1	
-0.931742 -0.04963014 -0.3597134 0.05467129	-0.05217208 0.9986346 -0.00264505 1.261912	-0.3593535 -0.01630249 0.9330591 0.4725121	0 0 0 1	
-0.9322538 -0.04480248 -0.3590204 0.05981638	-0.04788604 0.9988527 -0.0003039949 1.260061	-0.3586221 -0.01690866 0.9333298 0.4715828	0 0 0 1	
-0.932765 -0.04365607 -0.3578321 0.06219247	-0.04730059 0.9988797 0.0014341 1.260557	-0.3573686 -0.01826335 0.933785 0.4693082	0 0 0 1	
-0.9331347 -0.04506252 -0.3566927 0.06102635	-0.04907593 0.9987926 0.002204497 1.261291	-0.3561627 -0.01956211 0.9342195 0.4670703	0 0 0 1	
-0.9337652 -0.0472973 -0.3547474 0.05910948	-0.05168519 0.9986593 0.002897681 1.262247	-0.3541347 -0.02104094 0.9349579 0.4644341	0 0 0 1	
-0.934778 -0.04786414 -0.3519928 0.05984278	-0.05248487 0.9986153 0.003590521 1.262692	-0.3513335 -0.02183064 0.9359958 0.4626147	0 0 0 1	
-0.9359977 -0.04744578 -0.3487938 0.06216291	-0.05218818 0.9986284 0.004206823 1.262862	-0.3481158 -0.02214049 0.9371901 0.4613894	0 0 0 1	
-0.9367195 -0.04605224 -0.3470385 0.06387272	-0.05071959 0.9987034 0.004372723 1.261619	-0.3463871 -0.02169766 0.9378407 0.4621202	0 0 0 1	
-0.9378422 -0.04417843 -0.3442389 0.06804806	-0.04923403 0.9987695 0.005954252 1.261944	-0.3435523 -0.02253241 0.9388634 0.4603146	0 0 0 1	
-0.9388272 -0.0415009 -0.3418793 0.07310537	-0.04700755 0.9988638 0.00783376 1.262226	-0.3411658 -0.02342545 0.9397113 0.4584789	0 0 0 1	
-0.9395506 -0.03874922 -0.3402103 0.07790671	-0.0446975 0.9989538 0.009661321 1.262455	-0.33948 -0.02428385 0.9402997 0.4567821	0 0 0 1	
-0.9402121 -0.03617659 -0.3386628 0.08239527	-0.04244249 0.9990371 0.01111189 1.262528	-0.3379348 -0.02482123 0.9408422 0.4555394	0 0 0 1	
-0.9409246 -0.0343455 -0.3368696 0.085987	-0.04080351 0.9990938 0.01210749 1.262547	-0.3361485 -0.0251377 0.9414735 0.4545559	0 0 0 1	
-0.9405042 -0.03480572 -0.3379945 0.08335948	-0.04104164 0.9990933 0.01131874 1.260263	-0.3372941 -0.02451717 0.94108 0.4579327	0 0 0 1	
-0.9403429 -0.03615434 -0.3383023 0.08133377	-0.04207257 0.9990627 0.01017485 1.259998	-0.3376174 -0.02380109 0.9409827 0.4588023	0 0 0 1	
-0.939996 -0.0374165 -0.3391279 0.07915008	-0.0427358 0.9990525 0.008228255 1.259317	-0.3384987 -0.02222743 0.9407043 0.460928	0 0 0 1	
-0.9397657 -0.03820291 -0.339678 0.07777674	-0.04295431 0.999056 0.006477147 1.258599	-0.33911 -0.02067764 0.9405196 0.4629741	0 0 0 1	
-0.9396507 -0.03870039 -0.3399394 0.07696125	-0.04315395 0.999053 0.005547753 1.258213	-0.3394028 -0.01988268 0.940431 0.4639312	0 0 0 1	
-0.9397032 -0.03818686 -0.3398523 0.07773295	-0.04273526 0.999069 0.005905943 1.258218	-0.3393104 -0.02007351 0.9404602 0.4634718	0 0 0 1	
-0.9386222 -0.03686844 -0.342971 0.07716884	-0.04171983 0.9991064 0.006775118 1.258283	-0.3424147 -0.02066797 0.9393215 0.4635929	0 0 0 1	
-0.9388635 -0.03518164 -0.3424876 0.07976083	-0.04064513 0.999135 0.008785792 1.258815	-0.3418823 -0.02216911 0.9394813 0.4613514	0 0 0 1	
-0.9390423 -0.03416451 -0.3420998 0.08138426	-0.03989057 0.9991568 0.009714214 1.258969	-0.3414795 -0.02276861 0.9396135 0.4603668	0 0 0 1	
-0.939519 -0.03388391 -0.3408169 0.08250265	-0.03978417 0.9991548 0.01033606 1.259151	-0.3401787 -0.02327004 0.9400731 0.4593972	0 0 0 1	
-0.9404011 -0.03328983 -0.338434 0.08465299	-0.03954215 0.9991506 0.01159436 1.259558	-0.3377606 -0.02428576 0.9409187 0.4575525	0 0 0 1	
-0.9414979 -0.0324804 -0.3354505 0.08742979	-0.03916891 0.9991455 0.01319058 1.260072	-0.3347354 -0.02555813 0.9419657 0.4552467	0 0 0 1	
-0.941878 -0.0319531 -0.3344324 0.08937874	-0.03895765 0.9991391 0.01425626 1.260635	-0.333689 -0.02645636 0.942312 0.4539524	0 0 0 1	
-0.9427997 -0.03132014 -0.3318852 0.09167537	-0.03863392 0.9991338 0.01546025 1.261026	-0.3311135 -0.02739795 0.9431931 0.4521836	0 0 0 1	
-0.9434139 -0.03085891 -0.3301791 0.0932827	-0.03831855 0.9991357 0.01610644 1.261195	-0.3293967 -0.02784702 0.943781 0.4512075	0 0 0 1	
-0.944012 -0.03064844 -0.3284846 0.09453842	-0.03814998 0.9991372 0.0164149 1.261264	-0.3276981 -0.02802754 0.9443668 0.4505936	0 0 0 1	
-0.9448121 -0.02994752 -0.326241 0.0967582	-0.03764115 0.9991417 0.01729395 1.261474	-0.3254431 -0.02861962 0.9451284 0.4493224	0 0 0 1	
-0.9456818 -0.02794703 -0.32389 0.1008298	-0.03602898 0.9991705 0.01898209 1.261721	-0.3230908 -0.02962044 0.9459043 0.4474659	0 0 0 1	
-0.9468391 -0.02523875 -0.3207159 0.1060632	-0.03320134 0.9992607 0.01938238 1.261562	-0.3199896 -0.0290002 0.9469771 0.4480906	0 0 0 1	
-0.947606 -0.0224985 -0.3186487 0.1109158	-0.02970424 0.9994007 0.01777158 1.260013	-0.3180579 -0.02630567 0.9477065 0.4514206	0 0 0 1	
-0.9487247 -0.02317091 -0.3152533 0.11185	-0.03026048 0.9993869 0.01761176 1.260102	-0.3146519 -0.02624842 0.9488443 0.4508668	0 0 0 1	
-0.9501674 -0.02309487 -0.3108834 0.114209	-0.03052518 0.9993523 0.01905576 1.260749	-0.310242 -0.02759594 0.9502569 0.4481984	0 0 0 1	
-0.9510491 -0.02234955 -0.3082305 0.1166279	-0.02976741 0.9993689 0.01938428 1.260674	-0.3076027 -0.02761063 0.9511142 0.4476519	0 0 0 1	
-0.9522222 -0.0223598 -0.3045869 0.118503	-0.02994634 0.9993462 0.02025823 1.261068	-0.3039347 -0.0284116 0.9522693 0.4458526	0 0 0 1	
-0.9525504 -0.02192486 -0.3035902 0.1205364	-0.02930926 0.9993745 0.01978784 1.261003	-0.3029665 -0.02774692 0.9525973 0.4451697	0 0 0 1	
-0.9527256 -0.02201136 -0.3030333 0.1207039	-0.02946517 0.9993647 0.02004678 1.261147	-0.3023995 -0.02802801 0.952769 0.4446065	0 0 0 1	
-0.9529649 -0.02178712 -0.3022968 0.1213898	-0.02915855 0.9993768 0.0198928 1.261005	-0.3016751 -0.02777168 0.9530063 0.4447505	0 0 0 1	
-0.9531565 -0.02216478 -0.3016651 0.121194	-0.02950034 0.999369 0.01978235 1.261054	-0.3010363 -0.02775489 0.9532089 0.4445814	0 0 0 1	
-0.9538004 -0.02222 -0.2996185 0.1221645	-0.02931618 0.9993856 0.0192092 1.260785	-0.2990076 -0.02710541 0.9538658 0.4450351	0 0 0 1	
-0.9545641 -0.02189252 -0.2972013 0.123855	-0.02896666 0.9993917 0.0194189 1.260774	-0.2965954 -0.02714551 0.9546176 0.4444693	0 0 0 1	
-0.9555469 -0.02123536 -0.2940737 0.1265057	-0.02824767 0.9994084 0.01961814 1.260559	-0.2934831 -0.02705295 0.9555814 0.4453326	0 0 0 1	
-0.9559355 -0.02163293 -0.2927797 0.12667	-0.02856601 0.9994031 0.01942496 1.260553	-0.2921847 -0.02693255 0.9559828 0.4452296	0 0 0 1	
-0.9559 -0.02213969 -0.292857 0.1259872	-0.02893598 0.9994026 0.01889466 1.260429	-0.2922638 -0.02653551 0.9559697 0.4457476	0 0 0 1	
-0.9557883 -0.02262442 -0.2931845 0.1252121	-0.02933678 0.9993981 0.01851717 1.260373	-0.292589 -0.02629958 0.9558766 0.4460832	0 0 0 1	
-0.955677 -0.02284138 -0.2935296 0.1247997	-0.02949836 0.9993978 0.01827171 1.260307	-0.2929355 -0.0261205 0.9557754 0.4463414	0 0 0 1	
-0.9555855 -0.02304649 -0.2938123 0.1244416	-0.02967368 0.9993954 0.0181176 1.260279	-0.2932172 -0.0260314 0.9556916 0.4464637	0 0 0 1	
-0.9554486 -0.02375326 -0.2942 0.1229432	-0.03023646 0.9993894 0.01750726 1.260239	-0.2936045 -0.02562285 0.9555836 0.4473744	0 0 0 1	
-0.9552972 -0.02480001 -0.2946057 0.1213436	-0.03111335 0.9993753 0.01676133 1.260161	-0.2940059 -0.02517821 0.955472 0.4480015	0 0 0 1	
-0.955335 -0.02611725 -0.2943697 0.1197019	-0.03228416 0.9993489 0.01610876 1.260194	-0.2937573 -0.02489274 0.9555563 0.4482932	0 0 0 1	
-0.9554259 -0.02701953 -0.2939928 0.1187089	-0.03310397 0.999328 0.01573851 1.260245	-0.29337 -0.0247693 0.9556782 0.4483329	0 0 0 1	
-0.9555149 -0.02712466 -0.2936929 0.1187803	-0.03320919 0.9993243 0.01574959 1.260264	-0.2930672 -0.02480227 0.95577 0.448168	0 0 0 1	
-0.9555798 -0.02654072 -0.2935352 0.1197346	-0.03270242 0.9993354 0.0161026 1.26026	-0.2929128 -0.02498664 0.9558126 0.4478155	0 0 0 1	
-0.9557126 -0.02543888 -0.2932012 0.1217697	-0.03169087 0.99936 0.01659184 1.260303	-0.2925915 -0.02514883 0.955907 0.4473261	0 0 0 1	
-0.9560193 -0.02404815 -0.2923163 0.1242225	-0.03050571 0.9993805 0.01755219 1.260372	-0.2917131 -0.02569755 0.9561605 0.4463271	0 0 0 1	
-0.9563702 -0.02313352 -0.2912403 0.1261172	-0.02975172 0.9993895 0.01831566 1.260475	-0.2906388 -0.02618145 0.9564745 0.4453814	0 0 0 1	
-0.9564774 -0.02319762 -0.2908831 0.1262999	-0.029797 0.9993888 0.0182778 1.260476	-0.2902813 -0.02614974 0.9565841 0.4452732	0 0 0 1	
-0.9565285 -0.02403783 -0.290647 0.1253546	-0.03045684 0.9993814 0.01758103 1.260381	-0.2900446 -0.02566895 0.956669 0.445805	0 0 0 1	
-0.9566054 -0.02498782 -0.2903129 0.1243137	-0.03126433 0.9993665 0.01700109 1.260372	-0.2897042 -0.02533977 0.9567807 0.4461087	0 0 0 1	
-0.9563638 -0.0259507 -0.291025 0.1230594	-0.0319429 0.9993639 0.01585714 1.259532	-0.2904284 -0.02446136 0.9565843 0.4462965	0 0 0 1	
-0.9563341 -0.02630557 -0.2910896 0.1226225	-0.0322047 0.9993612 0.01549243 1.259464	-0.2904961 -0.02419039 0.9565704 0.4466093	0 0 0 1	
-0.9564625 -0.0263548 -0.2906632 0.1228746	-0.03227679 0.9993572 0.01559772 1.259527	-0.2900653 -0.02430031 0.9566983 0.4463174	0 0 0 1	
-0.9568526 -0.02657081 -0.2893563 0.1233701	-0.03262468 0.9993377 0.01611786 1.259822	-0.2887364 -0.02486257 0.9570857 0.4452654	0 0 0 1	
-0.9573421 -0.02705446 -0.2876878 0.1236792	-0.03325511 0.9993076 0.0166875 1.260214	-0.2870371 -0.02554274 0.957579 0.4439776	0 0 0 1	
-0.9578176 -0.0278183 -0.2860279 0.1236019	-0.03407573 0.999276 0.01692204 1.260524	-0.2853501 -0.02595484 0.9580721 0.4430447	0 0 0 1	
-0.9585305 -0.02953686 -0.2834555 0.1223688	-0.03568313 0.9992262 0.01654358 1.260572	-0.2827475 -0.02597211 0.9588428 0.4427946	0 0 0 1	
-0.9596136 -0.03023159 -0.2796924 0.1233595	-0.03624606 0.999209 0.01635557 1.260651	-0.2789768 -0.02583278 0.9599503 0.4422588	0 0 0 1	
-0.9602267 -0.03037602 -0.2775655 0.1242889	-0.0359014 0.999245 0.01484471 1.259968	-0.276905 -0.02421927 0.9605923 0.4440454	0 0 0 1	
-0.9602724 -0.0310621 -0.2773302 0.1235284	-0.0366305 0.9992175 0.01491891 1.260188	-0.2766497 -0.02448496 0.9606589 0.4435879	0 0 0 1	
-0.9602143 -0.03127743 -0.2775084 0.12321	-0.03683057 0.9992116 0.01481923 1.260205	-0.2768261 -0.02445042 0.9606092 0.4436135	0 0 0 1	
-0.9600867 -0.03106193 -0.2779727 0.1233472	-0.03656195 0.9992244 0.01462303 1.260062	-0.2773028 -0.0242026 0.9604777 0.4439932	0 0 0 1	
-0.9605305 -0.03109607 -0.2764317 0.1235237	-0.03651135 0.9992285 0.01446351 1.2599	-0.2757688 -0.02398554 0.9609249 0.4436359	0 0 0 1	
-0.960415 -0.03133308 -0.2768059 0.12308	-0.0366808 0.9992267 0.01416131 1.259845	-0.2761481 -0.0237542 0.9608216 0.4439857	0 0 0 1	
-0.9603149 -0.03179976 -0.2770993 0.1223661	-0.03712532 0.9992126 0.01399236 1.259914	-0.2764362 -0.02372447 0.9607394 0.4440372	0 0 0 1	
-0.9603477 -0.0317962 -0.2769865 0.1225062	-0.03713959 0.9992111 0.01406495 1.259969	-0.2763208 -0.02379441 0.960771 0.4438744	0 0 0 1	
-0.9604417 -0.03152767 -0.2766916 0.1231106	-0.03693179 0.9992149 0.01434056 1.260049	-0.2760222 -0.02399198 0.960852 0.4434987	0 0 0 1	
-0.9605118 -0.03149991 -0.2764508 0.1233611	-0.03691636 0.9992145 0.01440919 1.260097	-0.2757797 -0.02404575 0.9609202 0.4433319	0 0 0 1	
-0.9605129 -0.03180188 -0.2764126 0.1230572	-0.03716728 0.9992083 0.01419237 1.260099	-0.2757424 -0.02390545 0.9609344 0.443471	0 0 0 1	
-0.9606646 -0.03256788 -0.2757953 0.1222444	-0.03774814 0.9991962 0.01349402 1.259776	-0.2751341 -0.02337399 0.9611218 0.4438107	0 0 0 1	
-0.9605769 -0.03366579 -0.2759681 0.1207142	-0.03864628 0.9991732 0.01262745 1.259675	-0.2753149 -0.02279478 0.9610838 0.444603	0 0 0 1	
-0.9604654 -0.03477054 -0.2762196 0.1191378	-0.03953212 0.99915 0.01168726 1.259539	-0.2755784 -0.02214476 0.9610236 0.4455087	0 0 0 1	
-0.9603963 -0.03515301 -0.2764113 0.1185927	-0.03980135 0.9991446 0.01122288 1.259441	-0.2757803 -0.02177995 0.9609739 0.4460092	0 0 0 1	
-0.9603364 -0.03485886 -0.2766563 0.1189595	-0.03956398 0.9991515 0.01144182 1.259493	-0.2760227 -0.02193363 0.9609008 0.4458066	0 0 0 1	
-0.9609789 -0.03473036 -0.274433 0.1198259	-0.03935218 0.9991609 0.01135212 1.259327	-0.2738085 -0.02170868 0.9615393 0.4454932	0 0 0 1	
-0.9608386 -0.03487564 -0.2749062 0.1194667	-0.03945787 0.999159 0.01115406 1.259282	-0.2742861 -0.02156446 0.9614066 0.4457595	0 0 0 1	
-0.9605622 -0.03537489 -0.2758061 0.1184083	-0.03983496 0.9991502 0.01058398 1.259156	-0.2751973 -0.0211533 0.9611551 0.4464736	0 0 0 1	
-0.9602152 -0.0356126 -0.2769814 0.1175753	-0.03992867 0.999153 0.009956211 1.258935	-0.2763922 -0.0206196 0.9608238 0.4474097	0 0 0 1	
-0.9598614 -0.03510609 -0.2782692 0.1177208	-0.03941173 0.9991741 0.009892247 1.258794	-0.2776921 -0.02046226 0.9604522 0.4478534	0 0 0 1	
-0.959455 -0.03419271 -0.2797801 0.1183255	-0.03851024 0.9992087 0.009947764 1.258605	-0.2792186 -0.02031883 0.9600127 0.4483208	0 0 0 1	
-0.9595126 -0.03350918 -0.2796659 0.1191572	-0.0376739 0.9992447 0.009528181 1.258155	-0.2791354 -0.01967851 0.9600502 0.4479991	0 0 0 1	
-0.9588897 -0.03291392 -0.2818642 0.1189498	-0.0369684 0.9992752 0.009077266 1.257801	-0.2813611 -0.01912416 0.9594114 0.4491549	0 0 0 1	
-0.9582883 -0.0329131 -0.2839021 0.1180019	-0.03683994 0.999285 0.008501936 1.257544	-0.2834193 -0.01860624 0.9588157 0.4502288	0 0 0 1	
-0.9578568 -0.03332043 -0.2853069 0.1168082	-0.03712423 0.9992792 0.007932802 1.257394	-0.2848369 -0.01819029 0.9584033 0.4510437	0 0 0 1	
-0.9573997 -0.0335797 -0.286808 0.1157745	-0.03732071 0.9992746 0.007585175 1.257311	-0.2863452 -0.01796592 0.9579583 0.4516085	0 0 0 1	
-0.9570075 -0.0332756 -0.2881488 0.1156028	-0.03703451 0.9992851 0.007601954 1.257254	-0.2876898 -0.01794657 0.9575557 0.4518661	0 0 0 1	
-0.9567485 -0.03257991 -0.2890859 0.1161809	-0.03644647 0.9993036 0.00800069 1.257273	-0.2886239 -0.01819081 0.9572697 0.4516881	0 0 0 1	
-0.9568269 -0.03251702 -0.2888339 0.1162961	-0.03639912 0.9993047 0.008078149 1.257055	-0.2883704 -0.01824269 0.9573452 0.4518005	0 0 0 1	
-0.9568446 -0.03198366 -0.2888347 0.1170847	-0.03591318 0.9993203 0.008314138 1.257016	-0.2883724 -0.01832831 0.9573429 0.4516955	0 0 0 1	
-0.9568839 -0.03118152 -0.2887928 0.1182663	-0.03522746 0.9993404 0.008821639 1.257035	-0.2883272 -0.01861472 0.9573512 0.4513059	0 0 0 1	
-0.9569352 -0.03026684 -0.28872 0.1196187	-0.03449069 0.9993594 0.009552155 1.25713	-0.2882459 -0.01909894 0.957366 0.4506419	0 0 0 1	
-0.9569136 -0.0298069 -0.2888394 0.120248	-0.03411632 0.9993689 0.00989575 1.257165	-0.2883622 -0.01932352 0.9573265 0.4503733	0 0 0 1	
-0.9568458 -0.03065422 -0.2889757 0.1191364	-0.03476315 0.9993542 0.009096098 1.256751	-0.2885102 -0.01874927 0.9572935 0.4513862	0 0 0 1	
-0.9567052 -0.03167108 -0.2893301 0.1175926	-0.0356004 0.9993314 0.008326772 1.256656	-0.2888729 -0.01826653 0.9571931 0.4521564	0 0 0 1	
-0.9564377 -0.03231684 -0.2901428 0.1163325	-0.03619194 0.9993129 0.00799846 1.256675	-0.2896849 -0.01815086 0.9569501 0.4525043	0 0 0 1	
-0.9559855 -0.03251161 -0.2916067 0.1153719	-0.03642525 0.9993044 0.008000567 1.256734	-0.2911437 -0.01827027 0.9565048 0.4526489	0 0 0 1	
-0.9555409 -0.03249579 -0.2930625 0.1147085	-0.03652778 0.9992982 0.008294506 1.256876	-0.2925873 -0.01863066 0.9560573 0.452461	0 0 0 1	
-0.9552637 -0.03256996 -0.2939563 0.1142053	-0.03672162 0.9992884 0.008613709 1.257053	-0.2934666 -0.01902292 0.95578 0.4521321	0 0 0 1	
-0.9552711 -0.03298299 -0.2938868 0.1135189	-0.03711968 0.9992746 0.00850766 1.257085	-0.293393 -0.0190361 0.9558024 0.4516258	0 0 0 1	
