0 1 0 0 
0 0 -1 0 
1 0 0 0 
0 0 0 1 
-1.192093E-07 1 0 0 
-1 -1.192093E-07 0 0 
0 0 -1 0 
0 0 0 1 
0.9663067 0.08002347 -0.2446378 0 
-0.04911157 0.9903035 0.12995 0 
-0.2526647 0.113557 -0.960867 0 
0 0 0 1 
0.9663852 0.07952938 -0.2444885 0 
-0.04867602 0.9903513 0.1297494 0 
-0.2524484 0.1134872 -0.9609321 0 
0 0 0 1 
0.9661157 0.07857994 -0.245857 0 
-0.04756125 0.9904175 0.1296578 0 
-0.2536895 0.1135712 -0.9605953 0 
0 0 0 1 
0.9658567 0.07710809 -0.2473361 0 
-0.04596698 0.9905393 0.1293021 0 
-0.2549664 0.113518 -0.9602634 0 
0 0 0 1 
0.9667915 0.0763178 -0.2439053 0 
-0.04575711 0.9906405 0.1285988 0 
-0.2514369 0.1131678 -0.9612349 0 
0 0 0 1 
0.9677523 0.0760593 -0.2401468 0 
-0.04613701 0.9907191 0.1278559 0 
-0.2476427 0.1126532 -0.9622798 0 
0 0 0 1 
0.967991 0.07630828 -0.2391036 0 
-0.04657833 0.9907293 0.127616 0 
-0.2466251 0.1123941 -0.9625714 0 
0 0 0 1 
0.9684545 0.07657622 -0.2371325 0 
-0.04713616 0.9907274 0.1274263 0 
-0.2446915 0.1122291 -0.963084 0 
0 0 0 1 
0.9684448 0.07659242 -0.2371671 0 
-0.04717967 0.990741 0.1273041 0 
-0.2447217 0.1120975 -0.9630916 0 
0 0 0 1 
0.9684002 0.07625481 -0.2374579 0 
-0.04687586 0.9907939 0.1270045 0 
-0.2449565 0.1118601 -0.9630595 0 
0 0 0 1 
0.9694971 0.06668051 -0.2358579 0 
-0.03716562 0.9911494 0.1274427 0 
-0.2422684 0.1147896 -0.9633947 0 
0 0 0 1 
0.9690223 0.06816387 -0.2373805 0 
-0.03821606 0.9909661 0.1285526 0 
-0.2439987 0.1154985 -0.9628732 0 
0 0 0 1 
0.9685351 0.06923001 -0.2390545 0 
-0.03918345 0.9909699 0.1282315 0 
-0.2457732 0.1148297 -0.9625018 0 
0 0 0 1 
0.9680688 0.07114872 -0.2403759 0 
-0.04117746 0.9909852 0.1274866 0 
-0.2472795 0.1135178 -0.9622716 0 
0 0 0 1 
0.9681497 0.07133456 -0.239995 0 
-0.04145873 0.990996 0.127311 0 
-0.2469158 0.1133062 -0.9623899 0 
0 0 0 1 
0.9680066 0.07151295 -0.2405184 0 
-0.04190814 0.9911411 0.126028 0 
-0.2474003 0.1119163 -0.9624281 0 
0 0 0 1 
0.9678563 0.0720643 -0.2409584 0 
-0.0425786 0.9911904 0.1254137 0 
-0.2478735 0.1111227 -0.9623983 0 
0 0 0 1 
0.9677554 0.07267873 -0.2411788 0 
-0.04317008 0.9911591 0.1254592 0 
-0.2481648 0.1110021 -0.9623371 0 
0 0 0 1 
0.9677938 0.07254324 -0.2410655 0 
-0.04298969 0.9911399 0.1256726 0 
-0.2480464 0.1112619 -0.9623377 0 
0 0 0 1 
0.9677051 0.07222472 -0.2415167 0 
-0.04244218 0.9910809 0.1263226 0 
-0.2484862 0.1119926 -0.9621394 0 
0 0 0 1 
0.9677019 0.07178453 -0.241661 0 
-0.04177545 0.9910109 0.1270915 0 
-0.2486119 0.1128912 -0.9620019 0 
0 0 0 1 
0.9677062 0.07166744 -0.2416785 0 
-0.04162647 0.9910038 0.1271959 0 
-0.2486201 0.1130281 -0.9619837 0 
0 0 0 1 
0.9675763 0.0721017 -0.2420693 0 
-0.0420552 0.991001 0.1270762 0 
-0.2490533 0.1127757 -0.9619013 0 
0 0 0 1 
0.9675329 0.07244299 -0.2421408 0 
-0.04222506 0.9909089 0.1277367 0 
-0.2491931 0.1133651 -0.9617958 0 
0 0 0 1 
0.9677272 0.07222082 -0.2414295 0 
-0.04208229 0.9909143 0.1277411 0 
-0.2484615 0.1134586 -0.961974 0 
0 0 0 1 
0.9680016 0.07150015 -0.2405424 0 
-0.04145837 0.990944 0.1277151 0 
-0.2474957 0.1136559 -0.9621997 0 
0 0 0 1 
0.9681578 0.07101692 -0.2400565 0 
-0.0409705 0.9909382 0.1279177 0 
-0.2469655 0.1140092 -0.9622941 0 
0 0 0 1 
0.9680133 0.07042059 -0.2408137 0 
-0.04006368 0.9908724 0.1287122 0 
-0.2476796 0.1149472 -0.9619989 0 
0 0 0 1 
0.9679817 0.07009304 -0.241036 0 
-0.03953426 0.9908093 0.1293599 0 
-0.2478879 0.1156889 -0.9618564 0 
0 0 0 1 
0.9680182 0.06955948 -0.2410441 0 
-0.0389311 0.9908048 0.1295774 0 
-0.2478409 0.1160491 -0.9618251 0 
0 0 0 1 
0.9679937 0.06921003 -0.2412428 0 
-0.03851295 0.9908029 0.1297166 0 
-0.2480018 0.1162739 -0.9617565 0 
0 0 0 1 
0.9679168 0.06901302 -0.2416076 0 
-0.03817263 0.9907686 0.1300787 0 
-0.2483544 0.1166826 -0.961616 0 
0 0 0 1 
0.9678881 0.06925526 -0.2416533 0 
-0.03826504 0.9906887 0.1306588 0 
-0.248452 0.1172162 -0.9615259 0 
0 0 0 1 
0.9678345 0.0693331 -0.2418457 0 
-0.03819601 0.9906276 0.1311409 0 
-0.2486715 0.1176851 -0.9614118 0 
0 0 0 1 
0.9679205 0.0689499 -0.2416106 0 
-0.03781687 0.9906338 0.1312044 0 
-0.2483942 0.1178585 -0.9614623 0 
0 0 0 1 
0.9680723 0.06794059 -0.2412886 0 
-0.03695488 0.9907332 0.1306983 0 
-0.2479323 0.1176086 -0.9616121 0 
0 0 0 1 
0.9680539 0.06723431 -0.2415599 0 
-0.03626182 0.9907914 0.1304512 0 
-0.2481063 0.1175244 -0.9615775 0 
0 0 0 1 
0.9680779 0.06689262 -0.2415587 0 
-0.03589005 0.9907936 0.1305373 0 
-0.2480668 0.1177007 -0.9615662 0 
0 0 0 1 
0.9680585 0.06632248 -0.2417936 0 
-0.03526561 0.9908102 0.1305817 0 
-0.2482321 0.1178837 -0.9615011 0 
0 0 0 1 
0.9680268 0.0660654 -0.2419907 -7.633905E-10 
-0.03492354 0.9907946 0.1307915 -7.349121E-09 
-0.2484039 0.1181585 -0.9614229 -1.00439E-09 
0 0 0 1 
0.968108 0.06544243 -0.2418351 -6.366615E-05 
-0.0343063 0.9908165 0.1307885 -4.225151E-05 
-0.2481733 0.1183209 -0.9614625 -0.0001020079 
0 0 0 1 
0.9681187 0.06490187 -0.2419381 -0.0001116002 
-0.03371933 0.9908261 0.1308688 -8.451208E-05 
-0.2482122 0.1185386 -0.9614257 -0.0001894811 
0 0 0 1 
0.9680667 0.06470007 -0.2422 -0.0001221095 
-0.03336348 0.9907786 0.1313187 -0.0001386883 
-0.2484629 0.1190446 -0.9612983 -0.000245125 
0 0 0 1 
0.9680457 0.06458014 -0.2423159 -0.0001044696 
-0.03309442 0.9907201 0.1318276 -0.0002109368 
-0.2485807 0.1195958 -0.9611995 -0.0002849125 
0 0 0 1 
0.9680319 0.06428597 -0.2424489 -8.776128E-05 
-0.03275063 0.9907182 0.1319273 -0.000309034 
-0.2486796 0.1197695 -0.9611523 -0.0003525027 
0 0 0 1 
0.9681129 0.06452387 -0.2420622 -1.412928E-05 
-0.03267254 0.9905286 0.1333626 -1.401606E-05 
-0.2483746 0.1212012 -0.9610517 0.0007813499 
0 0 0 1 
0.9681135 0.06449468 -0.2420676 6.963727E-05 
-0.03267083 0.9905437 0.1332509 -0.0001499372 
-0.2483725 0.1210935 -0.9610658 0.0008081103 
0 0 0 1 
0.9681222 0.06448819 -0.2420342 0.0001655504 
-0.03273974 0.9905785 0.1329752 -0.0003005272 
-0.2483292 0.1208121 -0.9611124 0.0008183958 
0 0 0 1 
0.9681785 0.0642989 -0.2418598 0.0002489539 
-0.0326193 0.9906088 0.1327784 -0.0004508707 
-0.2481259 0.1206639 -0.9611835 0.0008464251 
0 0 0 1 
0.9682375 0.06404623 -0.2416904 0.0003211944 
-0.03240968 0.9906298 0.1326732 -0.0005930973 
-0.2479229 0.120626 -0.9612406 0.0008881085 
0 0 0 1 
0.9683738 0.06364965 -0.2412487 0.0003846699 
-0.03218516 0.9907018 0.1321895 -0.0007266108 
-0.2474194 0.1202442 -0.9614182 0.0009139438 
0 0 0 1 
0.9686617 0.06213987 -0.2404851 -0.0004488583 
-0.03099095 0.9908707 0.1312049 -6.316819E-06 
-0.2464427 0.1196403 -0.9617443 0.0006731555 
0 0 0 1 
0.968702 0.06125272 -0.2405504 -0.0005049027 
-0.03006787 0.9908954 0.1312333 -5.171911E-05 
-0.2463987 0.1198932 -0.9617242 0.000957838 
0 0 0 1 
0.9687954 0.06070283 -0.2403134 -0.0005250191 
-0.02957506 0.9909307 0.1310793 -6.390185E-05 
-0.2460908 0.1198817 -0.9618044 0.001118124 
0 0 0 1 
0.968828 0.06045179 -0.2402454 -0.0005095775 
-0.02934803 0.9909483 0.1309969 -7.888975E-05 
-0.2459898 0.1198627 -0.9618326 0.001275578 
0 0 0 1 
0.9689323 0.05992208 -0.2399573 -0.0004587227 
-0.02919944 0.9911363 0.1296009 0.0003133423 
-0.2455963 0.1185678 -0.9620936 0.0005644759 
0 0 0 1 
0.969024 0.05994 -0.2395822 -0.0003480476 
-0.02927151 0.9911374 0.1295755 0.0003571088 
-0.2452256 0.1185488 -0.9621905 0.0007857198 
0 0 0 1 
0.9689596 0.05962292 -0.2399214 -0.0002786247 
-0.02890169 0.9911469 0.1295862 0.0003998823 
-0.2455237 0.1186297 -0.9621046 0.001072813 
0 0 0 1 
0.9688506 0.05857539 -0.2406191 -0.0002927427 
-0.02798775 0.9912982 0.1286255 0.0003952387 
-0.2460596 0.1178845 -0.9620592 0.001190421 
0 0 0 1 
0.9689015 0.05813562 -0.2405205 -0.0002944318 
-0.02754344 0.9913073 0.1286518 0.0004576141 
-0.245909 0.1180261 -0.9620804 0.001471803 
0 0 0 1 
0.9688703 0.05802561 -0.2406726 -0.0002735484 
-0.02741642 0.9913131 0.1286337 0.0004958441 
-0.2460459 0.118031 -0.9620447 0.001610069 
0 0 0 1 
0.9689486 0.05763614 -0.2404511 -0.0002120971 
-0.02709219 0.9913456 0.1284519 0.0004294832 
-0.2457736 0.1179489 -0.9621244 0.00123407 
0 0 0 1 
0.9690238 0.05688455 -0.240327 -0.0002267251 
-0.02631764 0.9913557 0.1285349 0.0005325455 
-0.2455611 0.1182286 -0.9621444 0.00151319 
0 0 0 1 
0.9691046 0.05628841 -0.2401414 -0.000185806 
-0.02561551 0.9913152 0.1289883 0.0006408286 
-0.2453164 0.1188518 -0.96213 0.001854007 
0 0 0 1 
0.9685342 0.05620015 -0.242452 -6.6854E-05 
-0.02528613 0.9913504 0.1287825 0.0004183048 
-0.2475924 0.1185995 -0.961578 0.001530687 
0 0 0 1 
0.9683875 0.05604628 -0.2430728 1.378622E-05 
-0.02487237 0.9912711 0.1294714 0.0004216123 
-0.2482074 0.1193327 -0.9613286 0.0017263 
0 0 0 1 
0.9683952 0.05604279 -0.2430432 0.0001247307 
-0.02482204 0.9912469 0.1296671 0.0004124669 
-0.2481827 0.1195361 -0.9613098 0.001857344 
0 0 0 1 
0.9682341 0.05531921 -0.2438494 0.0001085519 
-0.02406122 0.9913073 0.1293481 0.0004659336 
-0.2488851 0.1193719 -0.9611486 0.002024892 
0 0 0 1 
0.9679959 0.0556222 -0.2447248 0.0001800155 
-0.02417396 0.9912612 0.1296797 0.0004573169 
-0.2497992 0.1196135 -0.9608814 0.002047478 
0 0 0 1 
0.9677444 0.0558508 -0.2456654 0.0002517189 
-0.02415978 0.991197 0.1301717 0.000457976 
-0.250773 0.1200377 -0.9605747 0.002089894 
0 0 0 1 
0.9678084 0.05468531 -0.2456754 7.829233E-05 
-0.0231781 0.9913275 0.129354 0.0005469958 
-0.2506185 0.1194956 -0.9606826 0.00191982 
0 0 0 1 
0.9676642 0.05429241 -0.2463298 0.0001284805 
-0.02277564 0.9913784 0.129035 0.0005671064 
-0.2512117 0.1192522 -0.9605579 0.001804265 
0 0 0 1 
0.9675608 0.05457836 -0.2466725 0.0003326825 
-0.02295247 0.9913383 0.129312 0.000591775 
-0.2515935 0.1194555 -0.9604328 0.001724766 
0 0 0 1 
0.9675697 0.05456357 -0.2466408 0.0004456122 
-0.02296159 0.9913481 0.1292347 0.0006114101 
-0.2515584 0.1193803 -0.9604513 0.001685988 
0 0 0 1 
0.96764 0.05397616 -0.2464943 0.00010325 
-0.0223967 0.9913702 0.1291649 0.0004916571 
-0.2513389 0.1194645 -0.9604983 0.001635983 
0 0 0 1 
0.9676514 0.05352099 -0.2465488 0.0001650846 
-0.02191935 0.9913788 0.1291805 0.0005121228 
-0.2513371 0.1195975 -0.9604822 0.001634458 
0 0 0 1 
0.9676653 0.05325127 -0.2465528 0.0002615803 
-0.02167845 0.991402 0.1290431 0.0005205506 
-0.2513046 0.1195257 -0.9604996 0.001602015 
0 0 0 1 
0.967603 0.0533146 -0.2467835 0.0004044634 
-0.02172936 0.9914086 0.1289841 0.0005093428 
-0.25154 0.119443 -0.9604483 0.001552598 
0 0 0 1 
0.9675856 0.0534106 -0.2468307 0.0005776268 
-0.02185564 0.9914226 0.1288546 0.0004907517 
-0.2515957 0.1192832 -0.9604536 0.001500543 
0 0 0 1 
0.967575 0.0530348 -0.2469531 0.0002894028 
-0.02162342 0.991511 0.1282118 0.000414918 
-0.2516565 0.1187146 -0.9605081 0.001328268 
0 0 0 1 
0.9676672 0.05300075 -0.2465989 0.0004456749 
-0.02170053 0.9915425 0.1279552 0.0003984136 
-0.251295 0.1184667 -0.9606333 0.00126991 
0 0 0 1 
0.9677436 0.05296658 -0.2463063 0.0006109845 
-0.02169539 0.9915391 0.1279824 0.0003891444 
-0.2510011 0.1185104 -0.9607048 0.001232079 
0 0 0 1 
0.9678159 0.05296886 -0.2460216 0.0007870976 
-0.02174148 0.991542 0.1279526 0.0003861773 
-0.2507182 0.1184857 -0.9607817 0.001186188 
0 0 0 1 
0.9678814 0.05299554 -0.2457581 0.000971938 
-0.02180359 0.9915413 0.1279469 0.000387317 
-0.2504599 0.118479 -0.9608499 0.001137568 
0 0 0 1 
0.9679615 0.05303369 -0.2454341 0.001165493 
-0.02188719 0.9915413 0.1279331 0.0003875516 
-0.2501428 0.1184624 -0.9609346 0.001088005 
0 0 0 1 
0.9679958 0.05272466 -0.2453658 0.0007356638 
-0.02153376 0.9915264 0.128108 0.0001627888 
-0.2500411 0.1187243 -0.9609287 0.001118363 
0 0 0 1 
0.9680471 0.05283009 -0.2451401 0.0008960046 
-0.0216871 0.9915314 0.1280433 0.0001467759 
-0.2498287 0.1186356 -0.9609949 0.001060703 
0 0 0 1 
0.9680684 0.05305603 -0.2450073 0.00106795 
-0.02196195 0.9915386 0.1279408 0.0001261054 
-0.2497223 0.1184746 -0.9610424 0.0009812785 
0 0 0 1 
0.9679929 0.05338972 -0.2452332 0.001237418 
-0.02224865 0.991519 0.128043 0.0001088655 
-0.2499896 0.1184886 -0.9609712 0.0009001354 
0 0 0 1 
0.9679391 0.05368742 -0.2453806 0.001389607 
-0.02248365 0.9914882 0.1282402 0.0001000354 
-0.2501768 0.1186116 -0.9609073 0.0008301324 
0 0 0 1 
0.9679543 0.05379086 -0.245298 0.001519688 
-0.02260418 0.9914876 0.1282243 0.000104768 
-0.2501072 0.1185705 -0.9609305 0.000752363 
0 0 0 1 
0.9680496 0.0535445 -0.2449753 0.001538223 
-0.02247285 0.9915304 0.1279156 0.0004206901 
-0.2497496 0.1183234 -0.961054 0.001157321 
0 0 0 1 
0.9679976 0.05362416 -0.2451637 0.001707715 
-0.02246842 0.9914996 0.128155 0.0005006318 
-0.2499519 0.1185453 -0.960974 0.001107327 
0 0 0 1 
0.9679793 0.05365282 -0.2452293 0.001779239 
-0.02246839 0.9914891 0.1282362 0.0005438355 
-0.2500224 0.1186201 -0.9609464 0.001088107 
0 0 0 1 
0.967925 0.05360664 -0.2454539 0.001830879 
-0.02235953 0.9914751 0.1283634 0.000593094 
-0.2502426 0.1187579 -0.9608721 0.001074179 
0 0 0 1 
0.967897 0.05338703 -0.245612 0.001864357 
-0.02207356 0.9914612 0.1285208 0.0006528377 
-0.250376 0.1189733 -0.9608107 0.001068664 
0 0 0 1 
0.9681354 0.05258638 -0.244844 0.001463976 
-0.02137907 0.9914904 0.1284126 0.0008098721 
-0.2495133 0.1190862 -0.9610211 0.001256048 
0 0 0 1 
0.9685118 0.05081225 -0.2437271 0.001427112 
-0.0197513 0.9915476 0.1282311 0.0009029199 
-0.2481828 0.1193794 -0.9613292 0.00125001 
0 0 0 1 
0.9686221 0.05035645 -0.2433834 0.001485465 
-0.0193002 0.9915423 0.1283405 0.0009258647 
-0.2477877 0.1196161 -0.9614017 0.001231731 
0 0 0 1 
0.9687126 0.05013293 -0.2430693 0.001607004 
-0.01906187 0.991522 0.128533 0.0009304011 
-0.2474523 0.1198782 -0.9614555 0.001204882 
0 0 0 1 
0.9686139 0.05064616 -0.2433558 0.001407308 
-0.01928052 0.9913813 0.129581 0.0004113948 
-0.2478212 0.1208219 -0.9612423 0.0009425285 
0 0 0 1 
0.968488 0.05237149 -0.2434917 0.00197698 
-0.02030639 0.9909912 0.132379 0.0002964948 
-0.248231 0.123263 -0.9608265 0.001181833 
0 0 0 1 
0.9685992 0.05344456 -0.2428153 0.002544278 
-0.02048169 0.9904557 0.1363008 0.0002532574 
-0.2477824 0.1270476 -0.9604493 0.001789941 
0 0 0 1 
0.9685653 0.0544202 -0.2427339 0.002834882 
-0.02053146 0.9899364 0.1400154 0.0002406287 
-0.2479108 0.1306304 -0.9599354 0.002337431 
0 0 0 1 
0.9685271 0.05529991 -0.2426875 0.002952627 
-0.02015618 0.9892306 0.1449706 0.0005874804 
-0.2480908 0.1355163 -0.9592113 0.003060407 
0 0 0 1 
0.9682055 0.05583936 -0.2438442 0.003267771 
-0.01788887 0.9877279 0.1551564 0.0008818549 
-0.2495156 0.1458612 -0.9573226 0.004780193 
0 0 0 1 
0.9680995 0.05388173 -0.2447042 0.003197969 
-0.01344946 0.9863717 0.1639817 0.001495766 
-0.2502049 0.1554595 -0.9556306 0.006563747 
0 0 0 1 
0.9681127 0.05202945 -0.2450524 0.003043007 
-0.01094597 0.9860459 0.1661134 0.001860341 
-0.2502757 0.1581342 -0.9551731 0.007193334 
0 0 0 1 
0.9681537 0.05007749 -0.2452973 0.002613087 
-0.00844403 0.985765 0.1679168 0.002544634 
-0.2502143 0.1604979 -0.9547949 0.00835717 
0 0 0 1 
0.9681052 0.04690887 -0.2461135 0.002184981 
-0.004392946 0.9853435 0.1705251 0.003092183 
-0.2505054 0.1640051 -0.9541223 0.009048967 
0 0 0 1 
0.9679319 0.044875 -0.247172 0.001817307 
-0.001646886 0.9850281 0.1723862 0.003416663 
-0.2512072 0.1664511 -0.953514 0.009279992 
0 0 0 1 
0.9676858 0.04434192 -0.24823 0.001677608 
-0.0007837079 0.9849413 0.1728873 0.003517731 
-0.2521581 0.167106 -0.9531484 0.009200438 
0 0 0 1 
0.9675816 0.04356417 -0.248773 0.001001074 
0.0001492742 0.9849122 0.1730546 0.003283506 
-0.2525586 0.1674816 -0.9529764 0.009194109 
0 0 0 1 
0.9674391 0.04326098 -0.2493796 0.0009276816 
0.0004845038 0.9849663 0.1727461 0.003276515 
-0.2531036 0.1672421 -0.9528739 0.008948942 
0 0 0 1 
0.9673071 0.04330032 -0.2498842 0.0009322149 
0.0004348624 0.985032 0.1723713 0.003227598 
-0.2536076 0.1668446 -0.9528096 0.008669772 
0 0 0 1 
0.9670929 0.0435939 -0.2506608 0.0009965529 
0.0001662318 0.9851028 0.1719664 0.00314647 
-0.2544234 0.1663492 -0.9526787 0.008375609 
0 0 0 1 
0.9669279 0.04384876 -0.2512524 0.001090695 
-7.066503E-05 0.9851565 0.1716584 0.00305774 
-0.2550499 0.1659635 -0.9525784 0.008114877 
0 0 0 1 
0.9668103 0.0440746 -0.2516648 0.001203602 
-0.000228703 0.9851573 0.1716541 0.002979898 
-0.255495 0.1658994 -0.9524703 0.007919392 
0 0 0 1 
0.9667776 0.04414997 -0.2517774 0.000748413 
-0.0002814624 0.9851546 0.1716693 0.002929013 
-0.2556188 0.1658951 -0.9524378 0.007885078 
0 0 0 1 
0.9666988 0.04440546 -0.2520349 0.0008512122 
-0.0004417747 0.9851193 0.1718715 0.002890136 
-0.2559165 0.1660366 -0.9523333 0.007765366 
0 0 0 1 
0.9666962 0.04460085 -0.2520104 0.0009514521 
-0.0005715527 0.9850714 0.1721457 0.002878837 
-0.255926 0.1662686 -0.9522902 0.007684235 
0 0 0 1 
0.9664787 0.04524827 -0.252728 0.0011315 
-0.0009011235 0.9849395 0.1728969 0.002905256 
-0.2567451 0.1668734 -0.9519638 0.007557854 
0 0 0 1 
0.9663782 0.04523996 -0.2531137 0.001158105 
-0.0007205326 0.9848725 0.173279 0.002942589 
-0.2571239 0.1672706 -0.9517919 0.007511841 
0 0 0 1 
0.9664153 0.04460132 -0.2530854 0.0006699656 
1.583248E-05 0.9848137 0.1736145 0.003081142 
-0.2569854 0.1677877 -0.9517383 0.008197485 
0 0 0 1 
0.9663098 0.0431251 -0.2537429 0.0004734877 
0.001604583 0.9848345 0.173489 0.003203637 
-0.2573765 0.1680513 -0.9515861 0.008063359 
0 0 0 1 
0.9662192 0.04290523 -0.2541252 0.0004375371 
0.001858775 0.9848592 0.173346 0.003241068 
-0.257715 0.1679626 -0.9515101 0.00791938 
0 0 0 1 
0.9660842 0.04294316 -0.2546317 0.0004530115 
0.001886621 0.9848751 0.1732553 0.003262687 
-0.2582205 0.1678596 -0.9513913 0.007744886 
0 0 0 1 
0.9660715 0.04272709 -0.2547162 0.0004882015 
0.002065998 0.9849111 0.1730486 0.003282089 
-0.2582667 0.1677036 -0.9514062 0.007569963 
0 0 0 1 
0.9661725 0.04248769 -0.2543726 0.0001356816 
0.002210435 0.9849353 0.1729089 0.00298797 
-0.2578871 0.1676221 -0.9515235 0.008035087 
0 0 0 1 
0.9661158 0.04262689 -0.2545649 0.0002676618 
0.001995835 0.9850051 0.1725136 0.002954402 
-0.2581014 0.1671762 -0.9515439 0.007880541 
0 0 0 1 
0.9660183 0.04314944 -0.2548464 0.0004627623 
0.001467714 0.9850355 0.1723453 0.002905075 
-0.2584693 0.1668628 -0.951499 0.007760342 
0 0 0 1 
0.9659901 0.04356534 -0.2548829 0.0006683801 
0.00104673 0.9850383 0.1723327 0.002857704 
-0.2585772 0.1667385 -0.9514915 0.007699681 
0 0 0 1 
0.9660665 0.04362838 -0.2545823 0.0008576252 
0.0009177849 0.9850454 0.1722923 0.00282409 
-0.2582919 0.1666795 -0.9515793 0.007687223 
0 0 0 1 
0.9661863 0.04359828 -0.2541323 0.001042321 
0.000837151 0.9850655 0.1721781 0.002801911 
-0.2578436 0.1665688 -0.9517203 0.007689003 
0 0 0 1 
0.9663075 0.04336806 -0.2537103 0.0005787555 
0.001001978 0.9850618 0.1721981 0.002885026 
-0.2573882 0.1666506 -0.9518292 0.007925435 
0 0 0 1 
0.9663389 0.04334493 -0.2535948 0.0006830535 
0.001041966 0.9850379 0.1723351 0.002894992 
-0.2572703 0.1667983 -0.9518352 0.007958696 
0 0 0 1 
0.9663711 0.04321685 -0.2534939 0.0007516687 
0.001200855 0.9850076 0.1725067 0.002921304 
-0.2571486 0.1670099 -0.951831 0.007992565 
0 0 0 1 
0.9663823 0.04308078 -0.2534744 0.0007949091 
0.001336899 0.9850069 0.1725098 0.002949675 
-0.2571059 0.1670493 -0.9518356 0.007997886 
0 0 0 1 
0.9663405 0.04286709 -0.2536699 0.0008056787 
0.001577538 0.9850144 0.1724648 0.00297695 
-0.2572616 0.16706 -0.9517917 0.007976562 
0 0 0 1 
0.9663231 0.04241579 -0.2538118 0.0007736636 
0.002008937 0.9850486 0.172265 0.003007409 
-0.2573237 0.1669735 -0.95179 0.007933808 
0 0 0 1 
0.9663892 0.04163941 -0.2536889 0.0004110368 
0.002703551 0.9850953 0.1719881 0.002997959 
-0.2570693 0.1668933 -0.9518729 0.008385666 
0 0 0 1 
0.966423 0.0411874 -0.2536337 0.000332985 
0.003069028 0.9851494 0.1716717 0.003027112 
-0.2569378 0.1666858 -0.9519447 0.008342093 
0 0 0 1 
0.9663867 0.04091363 -0.2538165 0.000249556 
0.003342591 0.9851732 0.1715304 0.003057616 
-0.2570712 0.1666131 -0.9519215 0.008307239 
0 0 0 1 
0.9662974 0.04058604 -0.2542085 0.0001378573 
0.003734894 0.9851792 0.1714873 0.003095764 
-0.2574009 0.1666572 -0.9518246 0.008286085 
0 0 0 1 
0.966218 0.04011834 -0.2545847 -3.114343E-06 
0.004285963 0.9851725 0.1715133 0.003148218 
-0.2576907 0.1668104 -0.9517194 0.008279082 
0 0 0 1 
0.966185 0.03952339 -0.2548029 -0.0001616364 
0.004913276 0.9851813 0.1714456 0.003210439 
-0.2578031 0.1669001 -0.9516732 0.008276644 
0 0 0 1 
0.9661816 0.03892968 -0.2549072 -0.0003181249 
0.005530601 0.9851823 0.1714209 0.003082627 
-0.2578034 0.1670335 -0.9516497 0.008201475 
0 0 0 1 
0.9661719 0.038523 -0.2550057 -0.0004314308 
0.005924031 0.9852051 0.1712773 0.003134252 
-0.257831 0.1669939 -0.9516492 0.008189747 
0 0 0 1 
0.966156 0.0381548 -0.2551211 -0.0005188594 
0.006270083 0.985235 0.1710926 0.003179352 
-0.2578822 0.1669018 -0.9516515 0.00816888 
0 0 0 1 
0.9661221 0.03769862 -0.2553173 -0.000596913 
0.00674335 0.9852492 0.1709929 0.003216865 
-0.2579974 0.1669217 -0.9516168 0.008150618 
0 0 0 1 
0.9661321 0.03714656 -0.2553603 -0.0006591754 
0.007261701 0.985279 0.1707998 0.003243155 
-0.2579458 0.1668695 -0.9516399 0.008119084 
0 0 0 1 
0.9661919 0.0366317 -0.2552081 -0.0006867086 
0.007622763 0.9853637 0.1702947 0.003254127 
-0.257711 0.1664828 -0.9517713 0.008044069 
0 0 0 1 
0.9662341 0.03646188 -0.255073 -0.0008265439 
0.007734563 0.9853866 0.170157 0.003042501 
-0.2575497 0.1663844 -0.9518321 0.008129521 
0 0 0 1 
0.9661999 0.03670764 -0.2551672 -0.0007346205 
0.007450635 0.9854207 0.169972 0.002989998 
-0.2576863 0.1661281 -0.9518399 0.008051913 
0 0 0 1 
0.9661757 0.03710095 -0.2552017 -0.000606467 
0.007008807 0.9854538 0.169799 0.002922578 
-0.2577892 0.1658444 -0.9518615 0.007977178 
0 0 0 1 
0.9662411 0.03719957 -0.2549397 -0.0004866556 
0.006791191 0.9855002 0.1695386 0.00285684 
-0.2575499 0.1655465 -0.9519781 0.007921545 
0 0 0 1 
0.9662803 0.0370029 -0.2548197 -0.0003922131 
0.006862705 0.9855682 0.1691399 0.002803066 
-0.2574008 0.1651853 -0.9520812 0.007867167 
0 0 0 1 
0.9663162 0.03668671 -0.2547292 -0.0003057343 
0.007051789 0.9856413 0.1687054 0.002764691 
-0.2572609 0.164819 -0.9521825 0.007815866 
0 0 0 1 
0.9662732 0.03620923 -0.2549606 -0.0004101237 
0.007568965 0.9856442 0.1686657 0.002523887 
-0.2574077 0.164907 -0.9521276 0.008389444 
0 0 0 1 
0.9662641 0.0362329 -0.2549919 -0.0003076594 
0.007478829 0.9856902 0.1684012 0.00250577 
-0.2574447 0.164627 -0.952166 0.008436298 
0 0 0 1 
0.9662292 0.03628887 -0.2551163 -0.0002011091 
0.007425927 0.9857017 0.1683356 0.002502363 
-0.2575773 0.1645453 -0.9521443 0.008512563 
0 0 0 1 
0.9664075 0.03627036 -0.2544423 1.883111E-05 
0.007297303 0.9857209 0.1682292 0.002504827 
-0.2569108 0.1644347 -0.9523435 0.008738405 
0 0 0 1 
0.9664055 0.03628147 -0.2544484 0.0001264934 
0.007276262 0.9857278 0.1681892 0.002490085 
-0.256919 0.1643904 -0.9523489 0.008850512 
0 0 0 1 
0.9665598 0.03626691 -0.2538641 0.0001272433 
0.007140205 0.9857593 0.1680107 0.00238568 
-0.2563421 0.164205 -0.9525363 0.008561283 
0 0 0 1 
0.9665719 0.03640795 -0.2537976 0.000327197 
0.006840259 0.9858528 0.1674739 0.002288046 
-0.2563045 0.1636116 -0.9526485 0.008599014 
0 0 0 1 
0.9664845 0.03671049 -0.2540868 0.0004346141 
0.006516033 0.9858968 0.1672279 0.002230017 
-0.2566423 0.1632788 -0.9526147 0.008580742 
0 0 0 1 
0.9664199 0.03683086 -0.2543149 0.0005110713 
0.006379488 0.9859313 0.167029 0.002184931 
-0.2568888 0.1630426 -0.9525887 0.008562366 
0 0 0 1 
0.9664546 0.0366758 -0.2542056 0.0005525074 
0.006419221 0.9859934 0.1666603 0.0021599 
-0.2567574 0.1627014 -0.9526824 0.008536657 
0 0 0 1 
0.9665277 0.03619559 -0.2539963 0.0002434016 
0.006697293 0.9861015 0.1660089 0.002327208 
-0.2564749 0.1621533 -0.952852 0.007644933 
0 0 0 1 
0.9665484 0.03590306 -0.253959 0.0002527302 
0.006760842 0.9862436 0.1651599 0.002318907 
-0.2563953 0.161352 -0.9530095 0.007428611 
0 0 0 1 
0.9665592 0.0361652 -0.2538807 0.0003551584 
0.006374488 0.9863117 0.1647683 0.002301954 
-0.2563643 0.1608767 -0.9530981 0.007242342 
0 0 0 1 
0.9665319 0.0363859 -0.253953 0.0004258199 
0.006145407 0.9863233 0.1647076 0.00229872 
-0.2564728 0.1607558 -0.9530894 0.007161316 
0 0 0 1 
0.9665956 0.03630525 -0.2537221 0.0003310159 
0.006079142 0.9863912 0.1643028 0.002286185 
-0.2562343 0.1603568 -0.9532207 0.00687137 
0 0 0 1 
0.9666132 0.03630754 -0.2536547 0.0003704383 
0.005973191 0.9864489 0.1639603 0.002283647 
-0.2561703 0.1600013 -0.9532976 0.006776842 
0 0 0 1 
0.9665871 0.03634065 -0.2537496 0.0004118289 
0.005822189 0.9865322 0.1634638 0.002273259 
-0.2562725 0.1594794 -0.9533576 0.006662018 
0 0 0 1 
0.9665211 0.03635146 -0.2539988 0.0004731534 
0.005642327 0.986663 0.1626782 0.002240155 
-0.2565249 0.1586651 -0.9534256 0.006465171 
0 0 0 1 
0.9665421 0.03612986 -0.253951 0.0004739345 
0.005763251 0.9867218 0.1623169 0.002229723 
-0.2564434 0.1583498 -0.9534999 0.006397417 
0 0 0 1 
0.9666568 0.03567875 -0.2535777 9.425567E-05 
0.006052204 0.9867864 0.1619137 0.002283939 
-0.2560039 0.1580497 -0.9536678 0.006708685 
0 0 0 1 
0.9667166 0.03515824 -0.2534224 4.629034E-05 
0.006404239 0.9868776 0.1613432 0.002258995 
-0.2557694 0.1575961 -0.9538058 0.006632618 
0 0 0 1 
0.9666431 0.03517237 -0.2537007 4.838256E-05 
0.006402561 0.9868984 0.1612158 0.00224608 
-0.2560472 0.1574624 -0.9537534 0.006593961 
0 0 0 1 
-1.192093E-07 1 0 0 
-1 -1.192093E-07 0 0 
0 0 -1 0 
0 0 0 1 
0.9283196 0.01948553 -0.3712721 0 
0.1569909 0.8846818 0.438967 0 
-0.3370112 0.465788 -0.8182085 0 
0 0 0 1 
0.9238706 0.01842653 -0.3822613 0 
0.162896 0.8849076 0.4363525 0 
-0.3463064 0.465402 -0.8145385 0 
0 0 0 1 
0.9222583 0.01753276 -0.3861766 0 
0.165129 0.8853784 0.4345545 0 
-0.3495313 0.4645404 -0.8136523 0 
0 0 0 1 
0.9224862 0.01729631 -0.3856424 0 
0.1645153 0.8861188 0.4332762 0 
-0.3492191 0.4631354 -0.8145868 0 
0 0 0 1 
0.9221405 0.01758472 -0.3864553 0 
0.1635647 0.887561 0.4306763 0 
-0.350576 0.4603546 -0.8155797 0 
0 0 0 1 
0.9210909 0.01764804 -0.3889475 0 
0.1636295 0.8889221 0.4278351 0 
-0.3532945 0.4577183 -0.8158903 0 
0 0 0 1 
0.920444 0.01757386 -0.3904792 0 
0.1632256 0.890435 0.4248329 0 
-0.3551624 0.4547712 -0.816727 0 
0 0 0 1 
0.9194106 0.01694905 -0.3929337 0 
0.1630544 0.8927406 0.4200327 0 
-0.357907 0.4502521 -0.8180315 0 
0 0 0 1 
0.9186947 0.01600992 -0.3946437 0 
0.1630328 0.8947134 0.4158224 0 
-0.3597503 0.4463537 -0.8193583 0 
0 0 0 1 
0.9176906 0.02284678 -0.3966383 0 
0.1575639 0.8955473 0.4161355 0 
-0.3647158 0.4443795 -0.8182355 0 
0 0 0 1 
0.9174619 0.02595631 -0.3969761 0 
0.1547317 0.8960154 0.4161904 0 
-0.3664994 0.4432636 -0.8180437 0 
0 0 0 1 
0.9172801 0.02790056 -0.3972642 0 
0.1531157 0.8961576 0.4164818 0 
-0.3676314 0.4428579 -0.8177555 0 
0 0 0 1 
0.9168475 0.02779534 -0.3982689 0 
0.1525489 0.8974881 0.4138163 0 
-0.3689438 0.4401619 -0.8186196 0 
0 0 0 1 
0.9156483 0.02866065 -0.4009572 0 
0.1520121 0.8986971 0.4113828 0 
-0.3721296 0.4376323 -0.8185338 0 
0 0 0 1 
0.9143468 0.02877131 -0.4039086 0 
0.1522404 0.8998666 0.4087332 0 
-0.3752237 0.4352151 -0.81841 0 
0 0 0 1 
0.9132125 0.02866586 -0.406474 0 
0.1522234 0.9013048 0.4055585 0 
-0.3779827 0.4322359 -0.8187193 0 
0 0 0 1 
0.9119729 0.02827282 -0.4092751 0 
0.152012 0.9033225 0.4011245 0 
-0.3810483 0.4280294 -0.8195078 0 
0 0 0 1 
0.9107967 0.02865717 -0.4118594 0 
0.1514092 0.9048955 0.397793 0 
-0.3840894 0.4246679 -0.8198369 0 
0 0 0 1 
0.9092647 0.02905025 -0.4152033 0 
0.1510622 0.906507 0.3942401 0 
-0.3878375 0.4211901 -0.8198664 0 
0 0 0 1 
0.9080952 0.02910828 -0.417751 0 
0.1511609 0.907537 0.3918251 0 
-0.3905298 0.4189621 -0.8197299 0 
0 0 0 1 
0.9070061 0.02880268 -0.4201314 0 
0.1511594 0.9089043 0.3886436 0 
-0.3930531 0.4160089 -0.8200279 0 
0 0 0 1 
0.9055592 0.02891587 -0.4232334 0 
0.151333 0.9100145 0.3859688 0 
-0.3963091 0.4135668 -0.8196961 0 
0 0 0 1 
0.904223 0.02906545 -0.4260704 0 
0.1510544 0.9114199 0.3827483 0 
-0.3994538 0.4104497 -0.8197364 0 
0 0 0 1 
0.9034473 0.0299207 -0.4276538 0 
0.1502401 0.9121972 0.381214 0 
-0.4015108 0.4086575 -0.8196268 0 
0 0 0 1 
0.9025408 0.03157717 -0.4294449 0 
0.1489635 0.9128341 0.3801892 0 
-0.4040173 0.4071078 -0.8191662 0 
0 0 0 1 
0.9016778 0.03269121 -0.4311709 0 
0.1482861 0.913295 0.3793461 0 
-0.4061875 0.4059846 -0.8186502 0 
0 0 0 1 
0.9007429 0.03286771 -0.4331072 0 
0.1480416 0.9141974 0.3772623 0 
-0.4083452 0.4039343 -0.8185911 0 
0 0 0 1 
0.8993788 0.03355528 -0.4358805 0 
0.1475132 0.9152811 0.3748338 0 
-0.4115309 0.4014156 -0.8182346 0 
0 0 0 1 
0.8971735 0.0339746 -0.4403696 0 
0.1473774 0.9168671 0.3709913 0 
-0.4163647 0.3977441 -0.8175818 0 
0 0 0 1 
0.8954436 0.03489966 -0.4438048 0 
0.1470139 0.9178102 0.3687972 0 
-0.4201995 0.3954826 -0.8167166 0 
0 0 0 1 
0.8933284 0.03777303 -0.4478143 0 
0.1449759 0.9189652 0.3667217 0 
-0.425378 0.3925253 -0.8154615 0 
0 0 0 1 
0.8918067 0.04001338 -0.4506438 0 
0.1429921 0.920091 0.3646723 0 
-0.429225 0.3896557 -0.8148217 0 
0 0 0 1 
0.889771 0.04180485 -0.4544886 0 
0.1416073 0.9213674 0.3619799 0 
-0.4338835 0.3864381 -0.8138862 0 
0 0 0 1 
0.8878059 0.04425334 -0.4580854 0 
0.1391691 0.9229493 0.3588823 0 
-0.4386714 0.3823692 -0.8132412 0 
0 0 0 1 
0.8845248 0.04721609 -0.4640974 0 
0.1365866 0.9250519 0.3544333 0 
-0.4460492 0.3768946 -0.8117824 0 
0 0 0 1 
0.8820505 0.04899479 -0.4686005 0 
0.1352312 0.9264045 0.3514076 0 
-0.4513307 0.3733286 -0.8105099 0 
0 0 0 1 
0.879467 0.05112776 -0.4732058 0 
0.1331681 0.9280741 0.347771 0 
-0.4569508 0.3688691 -0.809402 0 
0 0 0 1 
0.8774217 0.05300226 -0.4767829 0 
0.1314875 0.9292443 0.3452769 0 
-0.4613482 0.3656445 -0.80837 0 
0 0 0 1 
0.8748915 0.05578489 -0.4810955 0 
0.1290246 0.9306003 0.3425431 0 
-0.4668163 0.3617612 -0.8069767 0 
0 0 0 1 
0.8733948 0.05717359 -0.4836452 -4.259764E-10 
0.1278662 0.9313252 0.3410039 -6.938913E-09 
-0.4699274 0.3596729 -0.8061039 -2.679772E-09 
0 0 0 1 
0.8717514 0.05967927 -0.4863001 -4.537791E-05 
0.1248811 0.9327055 0.3383269 -3.227185E-05 
-0.4737659 0.3556667 -0.8056346 -0.000606588 
0 0 0 1 
0.8700447 0.06223613 -0.4890284 -6.320665E-05 
0.1217774 0.9341221 0.3355386 -4.434052E-05 
-0.4776949 0.3514862 -0.8051491 -0.001217021 
0 0 0 1 
0.8684647 0.0645811 -0.4915265 -5.708507E-05 
0.1188159 0.9354671 0.3328425 -4.06142E-05 
-0.4813022 0.3474631 -0.8047469 -0.001799218 
0 0 0 1 
0.867204 0.06662486 -0.4934759 -3.220234E-05 
0.1161494 0.9366083 0.3305665 -1.842853E-05 
-0.4842176 0.3439855 -0.804492 -0.002321547 
0 0 0 1 
0.8661277 0.0684496 -0.4951135 -4.556146E-06 
0.1137773 0.9375712 0.3286562 2.681751E-05 
-0.4867005 0.3409909 -0.8042685 -0.002795371 
0 0 0 1 
0.860581 0.06785998 -0.5047725 -0.001153467 
0.1165769 0.9385279 0.3249233 -0.001519036 
-0.4957924 0.3384676 -0.7997684 -0.003590585 
0 0 0 1 
0.8596922 0.06889549 -0.5061449 -0.001241248 
0.1149886 0.9393292 0.323169 -0.001519199 
-0.4977016 0.3360268 -0.7996119 -0.003997039 
0 0 0 1 
0.8587679 0.06989401 -0.5075752 -0.001332336 
0.113571 0.9400412 0.3215964 -0.001503574 
-0.4996192 0.3338225 -0.7993392 -0.004368141 
0 0 0 1 
0.8576304 0.0711443 -0.5093217 -0.001415015 
0.112055 0.9407363 0.320092 -0.001472518 
-0.5019102 0.3315926 -0.798832 -0.004725036 
0 0 0 1 
0.856233 0.07245983 -0.5114828 -0.001496361 
0.1104931 0.9415125 0.3183483 -0.001423238 
-0.504635 0.3290956 -0.7981477 -0.005091383 
0 0 0 1 
0.8549726 0.07354608 -0.5134324 -0.001569865 
0.1090353 0.9422904 0.3165441 -0.001361586 
-0.507083 0.3266189 -0.7976133 -0.005454237 
0 0 0 1 
0.8501264 0.07470933 -0.5212519 -0.00223952 
0.1101043 0.942784 0.3146988 -0.00356437 
-0.5149389 0.3249258 -0.7932599 -0.006349814 
0 0 0 1 
0.8497366 0.07551935 -0.5217706 -0.00225707 
0.1088239 0.943249 0.3137494 -0.003591853 
-0.5158538 0.3233855 -0.7932948 -0.006656175 
0 0 0 1 
0.8495736 0.07587862 -0.5219839 -0.002303989 
0.1079922 0.9436147 0.3129359 -0.003614402 
-0.5162969 0.3222323 -0.7934759 -0.006951518 
0 0 0 1 
0.8495271 0.07567872 -0.5220885 -0.002391368 
0.1075516 0.9440261 0.3118451 -0.003634931 
-0.5164652 0.3210723 -0.7938364 -0.007266405 
0 0 0 1 
0.8495294 0.07536007 -0.5221308 -0.002478205 
0.1071261 0.9444792 0.3106173 -0.003657626 
-0.5165498 0.3198124 -0.7942898 -0.007603858 
0 0 0 1 
0.8496159 0.07519962 -0.5220132 -0.002541025 
0.1065872 0.9448758 0.3095945 -0.003683338 
-0.5165191 0.3186764 -0.7947662 -0.007949454 
0 0 0 1 
0.8444434 0.07666434 -0.5301301 -0.0007723904 
0.1105753 0.943437 0.3125695 -0.003599957 
-0.5241073 0.3225665 -0.788202 -0.00102478 
0 0 0 1 
0.8446105 0.07626891 -0.529921 -0.0007552762 
0.1100569 0.9439277 0.3112682 -0.003668414 
-0.5239472 0.3212219 -0.7888573 -0.001011823 
0 0 0 1 
0.844891 0.07560095 -0.5295694 -0.0007220125 
0.1097137 0.9444287 0.3098665 -0.00372268 
-0.5235668 0.3199044 -0.7896449 -0.001000871 
0 0 0 1 
0.8456052 0.07462154 -0.5285674 -0.000656946 
0.1096278 0.9447988 0.308767 -0.003767068 
-0.5224305 0.3190406 -0.7907462 -0.0009629223 
0 0 0 1 
0.846758 0.07299823 -0.5269459 -0.0005766691 
0.1100118 0.9451005 0.3077052 -0.003798723 
-0.5204788 0.3185221 -0.7922407 -0.0009192027 
0 0 0 1 
0.848376 0.07044545 -0.5246863 -0.0004870864 
0.1109337 0.9454464 0.3063085 -0.003810479 
-0.5176408 0.3180702 -0.7942792 -0.0008982982 
0 0 0 1 
0.8467374 0.06627868 -0.5278664 -0.001488416 
0.1135962 0.9468033 0.301097 -0.004732845 
-0.519742 0.3149137 -0.7941647 -0.004456494 
0 0 0 1 
0.8487362 0.06400414 -0.5249288 -0.001259718 
0.1138101 0.947279 0.2995159 -0.004694328 
-0.5164243 0.3139522 -0.7967057 -0.004771981 
0 0 0 1 
0.8508531 0.06248827 -0.5216745 -0.0008828712 
0.113249 0.9477503 0.2982349 -0.004628967 
-0.5130532 0.3128332 -0.7993195 -0.005119896 
0 0 0 1 
0.8530209 0.0614845 -0.5182422 -0.000383471 
0.1120862 0.9482772 0.2969967 -0.00452971 
-0.509698 0.3114322 -0.8020087 -0.005503118 
0 0 0 1 
0.8551593 0.06077731 -0.51479 0.0002120214 
0.1107251 0.9487649 0.2959478 -0.00439243 
-0.5064016 0.3100826 -0.8046156 -0.00588107 
0 0 0 1 
0.8567055 0.05824745 -0.5125065 0.002653247 
0.1108732 0.9495826 0.2932576 -0.002071788 
-0.5037488 0.3080586 -0.8070545 -0.00682488 
0 0 0 1 
0.8591524 0.05733743 -0.5084974 0.003286712 
0.1096615 0.949987 0.2924022 -0.001888837 
-0.4998315 0.3069807 -0.8098959 -0.007272812 
0 0 0 1 
0.8616859 0.05602164 -0.5043402 0.00392693 
0.108612 0.9504927 0.2911479 -0.001685418 
-0.4956823 0.3056554 -0.8129415 -0.007752314 
0 0 0 1 
0.8646457 0.05405311 -0.4994657 0.004594292 
0.1080808 0.9509006 0.2900113 -0.001453611 
-0.4906182 0.3047397 -0.8163501 -0.008199656 
0 0 0 1 
0.8680879 0.05198734 -0.4936807 0.005339634 
0.1078072 0.9510217 0.289716 -0.00119414 
-0.4845627 0.3047213 -0.8199658 -0.008566419 
0 0 0 1 
0.8716742 0.05046915 -0.4874803 0.006179471 
0.1071888 0.9509681 0.290121 -0.0009180168 
-0.4782204 0.3051434 -0.8235247 -0.008883393 
0 0 0 1 
0.8753066 0.04971533 -0.481006 0.007185353 
0.1058304 0.9508929 0.2908654 -0.001940662 
-0.4718457 0.3055015 -0.8270614 -0.01207113 
0 0 0 1 
0.8781327 0.04940467 -0.4758594 0.008157857 
0.1043758 0.9509094 0.2913365 -0.001685591 
-0.4668926 0.3055003 -0.829868 -0.01245381 
0 0 0 1 
0.8805852 0.04964356 -0.4712804 0.009177864 
0.1025167 0.9509919 0.2917272 -0.001426997 
-0.4626662 0.3052047 -0.8323401 -0.01283585 
0 0 0 1 
0.8827587 0.05037131 -0.4671187 0.0102428 
0.100337 0.9510866 0.2921759 -0.001157611 
-0.4589876 0.3047901 -0.8345258 -0.01319951 
0 0 0 1 
0.8849578 0.05109037 -0.46286 0.01133094 
0.09832247 0.9510548 0.2929633 -0.0008593643 
-0.4551728 0.3047697 -0.8366201 -0.01349619 
0 0 0 1 
0.8875499 0.0512379 -0.4578535 0.012429 
0.09701238 0.950729 0.2944538 -0.000511335 
-0.4503818 0.3057599 -0.8388487 -0.01365497 
0 0 0 1 
0.8909521 0.05095669 -0.4512291 0.01382739 
0.09624292 0.9499195 0.2973049 -0.0003996795 
-0.443781 0.308312 -0.8414286 -0.0142173 
0 0 0 1 
0.894061 0.05040174 -0.4451006 0.01498721 
0.09601451 0.9489929 0.3003225 3.522821E-05 
-0.4375341 0.3112428 -0.8436183 -0.01408902 
0 0 0 1 
0.8970364 0.05013805 -0.4391035 0.01615587 
0.09555356 0.9480426 0.3034547 0.0004742732 
-0.4315035 0.3141678 -0.8456378 -0.0139199 
0 0 0 1 
0.8997169 0.05011399 -0.4335876 0.01731334 
0.09496322 0.947115 0.3065211 0.0009154115 
-0.4260182 0.3169571 -0.8473763 -0.01373087 
0 0 0 1 
0.9021805 0.05010534 -0.4284388 0.01845346 
0.09441739 0.9462081 0.3094762 0.0013552 
-0.4208987 0.3196555 -0.8489197 -0.01351551 
0 0 0 1 
0.9046268 0.04978555 -0.4232868 0.01956352 
0.09423175 0.9452125 0.31256 0.001803846 
-0.4156569 0.3226372 -0.8503732 -0.01323914 
0 0 0 1 
0.9073507 0.04921177 -0.417484 0.02043736 
0.094239 0.9440348 0.3160971 0.002140056 
-0.4096751 0.3261542 -0.851933 -0.01273618 
0 0 0 1 
0.9097195 0.04910446 -0.4123097 0.02147805 
0.09384248 0.9429759 0.3193586 0.002558482 
-0.4044801 0.3292189 -0.8532355 -0.01239473 
0 0 0 1 
0.911684 0.04917058 -0.4079394 0.02245047 
0.09317589 0.9422109 0.3218028 0.002937463 
-0.4001882 0.3313926 -0.854417 -0.01213693 
0 0 0 1 
0.9132767 0.04917745 -0.4043602 0.02334463 
0.09243859 0.9417657 0.3233149 0.00328405 
-0.3967124 0.3326544 -0.8555468 -0.01196152 
0 0 0 1 
0.9147726 0.04893528 -0.4009944 0.02417262 
0.09196278 0.9413466 0.3246681 0.003610945 
-0.3933624 0.333874 -0.8566178 -0.01178268 
0 0 0 1 
0.9165165 0.04837509 -0.3970608 0.02495951 
0.09181746 0.9407105 0.3265474 0.003919316 
-0.3893161 0.3357432 -0.8577351 -0.01152263 
0 0 0 1 
0.918506 0.047368 -0.3925596 0.02569929 
0.0920904 0.9398706 0.3288809 0.004225968 
-0.3845336 0.3382301 -0.8589146 -0.01117697 
0 0 0 1 
0.9204984 0.0459821 -0.3880314 0.02675369 
0.09283487 0.9388824 0.3314838 0.004933258 
-0.3795582 0.3411532 -0.859971 -0.01114344 
0 0 0 1 
0.9223793 0.04435606 -0.3837304 0.02741112 
0.09395531 0.9377921 0.334243 0.005296561 
-0.374685 0.3443523 -0.8608325 -0.01069953 
0 0 0 1 
0.9240869 0.04296404 -0.3797599 0.02806393 
0.09501958 0.9366324 0.3371811 0.005656452 
-0.3701821 0.3476692 -0.8614472 -0.01022432 
0 0 0 1 
0.9255534 0.04217236 -0.3762611 0.02873946 
0.09563562 0.9355115 0.3401059 0.005996468 
-0.3663397 0.3507701 -0.8618327 -0.009759614 
0 0 0 1 
0.9267325 0.0419866 -0.3733684 0.02943418 
0.09576508 0.9345191 0.3427873 0.006310723 
-0.3633123 0.3534278 -0.8620284 -0.009346238 
0 0 0 1 
0.9277535 0.04192477 -0.3708312 0.03010991 
0.09579372 0.9336236 0.3452108 0.006742093 
-0.3606896 0.3557938 -0.8621565 -0.009366069 
0 0 0 1 
0.9287756 0.0420135 -0.3682536 0.0308004 
0.09544453 0.9329368 0.3471589 0.007043866 
-0.3581427 0.3575805 -0.862479 -0.009063926 
0 0 0 1 
0.9298146 0.04198834 -0.3656254 0.03148055 
0.09508374 0.9323335 0.3488745 0.00734109 
-0.3555334 0.3591537 -0.8629048 -0.008779799 
0 0 0 1 
0.930849 0.04192413 -0.3629911 0.03214801 
0.09482338 0.9316501 0.3507658 0.007630999 
-0.3528863 0.36093 -0.8632501 -0.008475628 
0 0 0 1 
0.9317894 0.04205705 -0.3605548 0.03280707 
0.09447859 0.9309348 0.3527523 0.007901391 
-0.3504887 0.3627556 -0.8634617 -0.008173436 
0 0 0 1 
0.932588 0.04233599 -0.3584512 0.03345173 
0.09407046 0.9302676 0.3546168 0.008155732 
-0.3484685 0.364431 -0.8635738 -0.007898506 
0 0 0 1 
0.9332879 0.04250699 -0.3566046 0.03407542 
0.09377281 0.9296793 0.3562346 0.008407865 
-0.3466704 0.3659092 -0.8636724 -0.007647768 
0 0 0 1 
0.9338076 0.04238805 -0.3552557 0.03466094 
0.0938337 0.9291819 0.3575139 0.00874103 
-0.3452514 0.3671841 -0.8636997 -0.007826434 
0 0 0 1 
0.9345138 0.04221079 -0.3534151 0.03525211 
0.0938158 0.9286174 0.3589825 0.009002381 
-0.3433403 0.36863 -0.8638457 -0.007617902 
0 0 0 1 
0.9355236 0.04167213 -0.3507978 0.03584534 
0.09392149 0.9279385 0.3607062 0.009259328 
-0.3405502 0.3703966 -0.8641944 -0.007378796 
0 0 0 1 
0.9367642 0.04076505 -0.3475787 0.03644018 
0.09415573 0.9272128 0.3625066 0.009512682 
-0.3370571 0.3723098 -0.8647416 -0.007127025 
0 0 0 1 
0.9381091 0.03900948 -0.344136 0.03432059 
0.09497629 0.9265694 0.363935 0.009007684 
-0.3330628 0.3740955 -0.8655182 -0.009667439 
0 0 0 1 
0.9394664 0.03752198 -0.3405806 0.03485556 
0.0957357 0.9256538 0.3660598 0.009276754 
-0.328995 0.3765066 -0.8660284 -0.009426558 
0 0 0 1 
0.9407445 0.0363319 -0.3371643 0.035435 
0.09627212 0.9247246 0.368261 0.009547763 
-0.3251638 0.3788991 -0.8664318 -0.009214258 
0 0 0 1 
0.941864 0.03554112 -0.3341093 0.036068 
0.09645692 0.9239312 0.3701988 0.009814887 
-0.3218513 0.380904 -0.8667894 -0.009083613 
0 0 0 1 
0.9429799 0.03501885 -0.3310025 0.0367681 
0.09625726 0.9232678 0.3719019 0.01006987 
-0.3186276 0.3825574 -0.8672522 -0.009020079 
0 0 0 1 
