0 1 0 0	0 0 -1 0	1 0 0 0	0 0 0 1	
-1.192093E-07 1 0 0	-1 -1.192093E-07 0 0	0 0 -1 0	0 0 0 1	
0.4818308 -0.09330781 -0.8712824 0	0.3104166 0.9480094 0.07013989 0	-0.8194394 0.3042561 -0.4857444 0	0 0 0 1	
0.495077 -0.09414625 -0.8637334 0	0.3073457 0.9488133 0.07274535 0	-0.812673 0.3014792 -0.4986711 0	0 0 0 1	
0.5112134 -0.09349901 -0.8543528 0	0.3028049 0.9499183 0.07722985 0	-0.8043444 0.2981832 -0.5139229 0	0 0 0 1	
0.5224844 -0.09211089 -0.8476589 0	0.2993565 0.9506788 0.08121336 0	-0.7983707 0.2961849 -0.5242888 0	0 0 0 1	
0.5306878 -0.09043697 -0.8427287 0	0.2962184 0.9513804 0.08443941 0	-0.7941191 0.2944427 -0.531675 0	0 0 0 1	
0.5418472 -0.08827534 -0.8358284 0	0.2919393 0.9523169 0.08867903 0	-0.7881452 0.2920617 -0.5417813 0	0 0 0 1	
0.5490699 -0.08767661 -0.8311649 0	0.2895196 0.952861 0.09074359 0	-0.7840285 0.2904631 -0.5485713 0	0 0 0 1	
0.5594198 -0.0885447 -0.8241416 0	0.2874094 0.9533145 0.09266801 0	-0.7774609 0.2887064 -0.5587515 0	0 0 0 1	
0.5664657 -0.09013784 -0.8191409 0	0.2863678 0.9535856 0.09310172 0	-0.772729 0.2873145 -0.5659862 0	0 0 0 1	
0.5758345 -0.09010381 -0.8125859 0	0.2816843 0.9549184 0.09372764 0	-0.767508 0.2828643 -0.5752558 0	0 0 0 1	
0.5821724 -0.09081736 -0.8079774 0	0.2786458 0.9558479 0.0933347 0	-0.7638271 0.2794764 -0.5817741 0	0 0 0 1	
0.5916884 -0.08896679 -0.8012427 0	0.2735263 0.9570901 0.09571771 0	-0.7583458 0.275796 -0.5906339 0	0 0 0 1	
0.5978717 -0.08571623 -0.7969957 0	0.2680194 0.9584183 0.09797943 0	-0.7554569 0.2721894 -0.5959848 0	0 0 0 1	
0.6034535 -0.08527778 -0.792825 0	0.2652254 0.9591204 0.09870968 0	-0.7519969 0.269844 -0.6014024 0	0 0 0 1	
0.6110178 -0.08275212 -0.7872797 0	0.261298 0.959864 0.101904 0	-0.7472487 0.2679798 -0.608117 0	0 0 0 1	
0.615839 -0.07896139 -0.7839052 0	0.2578486 0.9603718 0.1058304 0	-0.744484 0.2673033 -0.6117945 0	0 0 0 1	
0.6211891 -0.07752082 -0.7798171 0	0.2547243 0.9610341 0.1073736 0	-0.7411071 0.2653376 -0.6167303 0	0 0 0 1	
0.6245011 -0.07522665 -0.7773927 0	0.2523277 0.9614071 0.1096685 0	-0.7391408 0.2646458 -0.6193815 0	0 0 0 1	
0.6286795 -0.07382486 -0.7741525 0	0.2501982 0.9617566 0.1114676 0	-0.7363172 0.2637689 -0.6231075 0	0 0 0 1	
0.6320845 -0.07282603 -0.7714698 0	0.2482339 0.9621384 0.1125593 0	-0.7340634 0.262652 -0.6262307 0	0 0 0 1	
0.6353925 -0.06947283 -0.7690579 0	0.2458549 0.9623172 0.1161935 0	-0.7320054 0.2629051 -0.6285294 0	0 0 0 1	
0.6404198 -0.06366364 -0.7653818 0	0.2404343 0.9630852 0.1210708 0	-0.7294202 0.2615602 -0.6320858 0	0 0 0 1	
0.6438881 -0.06039994 -0.7627319 0	0.2361702 0.9638902 0.1230422 0	-0.727758 0.25936 -0.634902 0	0 0 0 1	
0.6459461 -0.0573373 -0.7612266 0	0.2311928 0.9650387 0.123492 0	-0.7275324 0.2557593 -0.636619 0	0 0 0 1	
0.6469262 -0.05705428 -0.7604153 0	0.229718 0.9654542 0.1229951 0	-0.7271287 0.2542498 -0.637684 0	0 0 0 1	
0.6489691 -0.05699152 -0.7586772 0	0.2291932 0.9655117 0.123522 0	-0.7254721 0.2540456 -0.6396493 0	0 0 0 1	
0.652385 -0.05508654 -0.7558832 0	0.2278167 0.9654831 0.1262617 0	-0.7228371 0.254574 -0.6424162 0	0 0 0 1	
0.6587732 -0.05268943 -0.7504942 0	0.2251146 0.9656466 0.129808 0	-0.7178727 0.2544613 -0.6480033 0	0 0 0 1	
0.6638018 -0.0523693 -0.7460728 0	0.2231853 0.9659646 0.13077 0	-0.7138316 0.2533179 -0.652897 0	0 0 0 1	
0.6694434 -0.05156325 -0.7410714 0	0.2194807 0.966782 0.1309988 0	-0.7096998 0.2503472 -0.658523 0	0 0 0 1	
0.6728337 -0.05102359 -0.7380321 0	0.2166679 0.9674646 0.130642 0	-0.7073541 0.2478082 -0.661998 0	0 0 0 1	
0.6755608 -0.04917604 -0.7356625 0	0.2137975 0.9679697 0.131626 0	-0.7056261 0.2462041 -0.6644361 0	0 0 0 1	
0.6791348 -0.04536343 -0.7326105 0	0.2100465 0.9683605 0.1347534 0	-0.7033181 0.2453979 -0.6671758 0	0 0 0 1	
0.6823578 -0.04154725 -0.7298367 0	0.2068194 0.9685653 0.1382277 0	-0.7011516 0.2452652 -0.6695009 0	0 0 0 1	
0.6854888 -0.03826673 -0.7270768 0	0.2040063 0.9687108 0.1413532 0	-0.698918 0.2452243 -0.6718471 0	0 0 0 1	
0.6893882 -0.035745 -0.7235097 0	0.2012531 0.9689128 0.1438926 0	-0.6958744 0.2448064 -0.6751509 0	0 0 0 1	
0.6923622 -0.03563694 -0.7206695 0	0.2000729 0.9690978 0.1442925 0	-0.6932571 0.2440891 -0.6780967 0	0 0 0 1	
0.6963836 -0.03740425 -0.7166944 0	0.1993437 0.9694248 0.1431001 0	-0.6894287 0.242521 -0.6825478 0	0 0 0 1	
0.6996562 -0.03939793 -0.7133926 0	0.1990505 0.9696957 0.1416653 0	-0.6861925 0.2411182 -0.6862958 0	0 0 0 1	
0.7025708 -0.04120187 -0.7104201 0	0.1986776 0.9699813 0.1402269 0	-0.6833166 0.2396639 -0.6896664 0	0 0 0 1	
0.7052262 -0.04236049 -0.7077157 0	0.1979773 0.9702716 0.1392051 0	-0.6807797 0.2382827 -0.6926474 0	0 0 0 1	
0.7085319 -0.04279082 -0.7043802 0	0.1962985 0.9707156 0.1384848 0	-0.6778271 0.2363897 -0.6961827 0	0 0 0 1	
0.710639 -0.04247268 -0.7022737 0	0.1948904 0.970999 0.1384871 0	-0.6760252 0.2352807 -0.6983073 0	0 0 0 1	
0.7134751 -0.04139717 -0.6994566 0	0.1929331 0.9712713 0.1393154 0	-0.6735949 0.2343465 -0.7009648 0	0 0 0 1	
0.7158034 -0.03974993 -0.6971696 0	0.1912942 0.9713489 0.1410245 0	-0.6715892 0.2343103 -0.7028988 0	0 0 0 1	
0.7181716 -0.03730401 -0.6948655 0	0.1898525 0.9711829 0.1440821 0	-0.6694666 0.2353977 -0.7045583 0	0 0 0 1	
0.7214813 -0.03441492 -0.6915781 0	0.1884154 0.9708354 0.1482508 0	-0.6663065 0.2372641 -0.7069239 0	0 0 0 1	
0.7237136 -0.03225033 -0.6893464 0	0.1872922 0.9705945 0.1512214 0	-0.664199 0.2385502 -0.7084727 0	0 0 0 1	
0.7258874 -0.03044792 -0.6871393 0	0.1862814 0.9703859 0.153787 0	-0.6621078 0.2396333 -0.7100628 0	0 0 0 1	
0.7289661 -0.02811745 -0.6839721 0	0.1844631 0.9702654 0.156711 0	-0.6592282 0.2404046 -0.7124772 0	0 0 0 1	
0.7309337 -0.02648371 -0.6819345 0	0.1831006 0.9702203 0.1585774 0	-0.657427 0.2407722 -0.7140158 0	0 0 0 1	
0.7329841 -0.0238774 -0.6798266 0	0.1807722 0.9702864 0.1608281 0	-0.6557863 0.2407781 -0.7155209 0	0 0 0 1	
0.7342339 -0.02171685 -0.6785492 0	0.1787716 0.9703978 0.162385 0	-0.6549361 0.2405339 -0.7163813 0	0 0 0 1	
0.7349526 -0.02002383 -0.6778228 0	0.1772377 0.9704908 0.1635064 0	-0.6545468 0.2403052 -0.7168138 0	0 0 0 1	
0.735607 -0.01826467 -0.6771623 0	0.1764731 0.9702865 0.1655333 0	-0.654018 0.2412684 -0.7169728 0	0 0 0 1	
0.7363039 -0.01500388 -0.6764847 0	0.1757563 0.9696807 0.1697911 0	-0.6534266 0.2439143 -0.7166167 0	0 0 0 1	
0.7363044 -0.01181883 -0.6765472 -5.441867E-09	0.1749479 0.9691757 0.1734696 -4.913924E-09	-0.653643 0.2460869 -0.7156761 3.953274E-09	0 0 0 1	
0.7375833 -0.01014786 -0.67518 -0.0004722124	0.1734806 0.9691737 0.1749479 5.775876E-05	-0.6525913 0.2461693 -0.7166067 0.002350239	0 0 0 1	
0.7386435 -0.007593177 -0.6740534 -0.0009718686	0.1720913 0.9689268 0.1776667 0.0001138006	-0.6517594 0.2472311 -0.7169982 0.00472804	0 0 0 1	
0.7388872 -0.004344337 -0.6738152 -0.001572121	0.1706275 0.9685947 0.1808606 0.0001297428	-0.651868 0.248607 -0.7164235 0.007071646	0 0 0 1	
0.7383044 -0.0008721128 -0.6744671 -0.002311232	0.1689491 0.9683568 0.1836878 7.117784E-05	-0.6529647 0.2495681 -0.7150894 0.009321567	0 0 0 1	
0.7372411 0.002679065 -0.6756244 -0.003170113	0.1669154 0.9682724 0.1859776 -3.671623E-05	-0.6546867 0.2498824 -0.7134032 0.01145875	0 0 0 1	
0.7560539 0.007796623 -0.6544629 0.00010229	0.1609977 0.9669902 0.1975088 2.867612E-05	-0.6343992 0.2546943 -0.7298415 0.01630838	0 0 0 1	
0.755635 0.009441249 -0.6549249 -0.0009220419	0.1595484 0.9671249 0.1980246 -0.0001136924	-0.6352638 0.2541265 -0.7292871 0.01855564	0 0 0 1	
0.7557777 0.009829991 -0.6547545 -0.002077265	0.1588802 0.9672571 0.1979158 -0.0002885468	-0.6352615 0.2536078 -0.7294696 0.02084063	0 0 0 1	
0.756008 0.009544276 -0.6544929 -0.003364928	0.1588752 0.9673177 0.1976237 -0.0004681866	-0.6349887 0.2533877 -0.7297835 0.02317349	0 0 0 1	
0.7559329 0.008976854 -0.6545876 -0.004792918	0.1591995 0.9673685 0.1971136 -0.0006606553	-0.6349968 0.2532147 -0.7298366 0.02552735	0 0 0 1	
0.755437 0.008381277 -0.6551677 -0.006335709	0.1595056 0.9674848 0.1962936 -0.0008932375	-0.63551 0.2527904 -0.7295369 0.02787237	0 0 0 1	
0.7754964 0.000892058 -0.6313515 -0.006150496	0.1510774 0.9706845 0.1869417 0.006724178	-0.6130099 0.2403555 -0.7526275 0.007266587	0 0 0 1	
0.7748815 -1.493096E-05 -0.6321066 -0.008073676	0.1515273 0.970847 0.1857301 0.006846659	-0.613676 0.2397002 -0.7522936 0.008318182	0 0 0 1	
0.7742842 -0.001167037 -0.632837 -0.01005727	0.1526314 0.9708217 0.1849561 0.00696494	-0.6141561 0.2397994 -0.7518701 0.009388163	0 0 0 1	
0.7735537 -0.00294362 -0.6337239 -0.01216757	0.1549115 0.9705313 0.1845844 0.007079548	-0.6145055 0.2409571 -0.7512141 0.0104926	0 0 0 1	
0.7723888 -0.005263083 -0.6351283 -0.01445049	0.1581679 0.9700578 0.1843117 0.007174346	-0.615141 0.2428172 -0.7500942 0.01158626	0 0 0 1	
0.770622 -0.00765419 -0.6372465 -0.01685103	0.1617419 0.9695372 0.1839489 0.007247183	-0.6164263 0.2448245 -0.7483847 0.01260547	0 0 0 1	
0.7878541 -0.009798922 -0.6157839 -0.01798485	0.1474181 0.9738064 0.1731155 0.01121173	-0.597958 0.2271675 -0.768662 -0.02479014	0 0 0 1	
0.7851212 -0.01096146 -0.6192451 -0.02066411	0.1500533 0.9734213 0.1730169 0.01169906	-0.6008899 0.228759 -0.7658986 -0.02613523	0 0 0 1	
0.7817793 -0.01147997 -0.6234496 -0.0234916	0.1522388 0.973088 0.1729829 0.01221443	-0.6046854 0.2301477 -0.7624878 -0.02761225	0 0 0 1	
0.7779067 -0.01219998 -0.6282614 -0.02654467	0.1546667 0.9727701 0.1726168 0.0127548	-0.609048 0.2314509 -0.7586113 -0.02915854	0 0 0 1	
0.7737288 -0.01298766 -0.6333838 -0.02979007	0.1572077 0.972454 0.1721014 0.0133118	-0.6137014 0.2327326 -0.7544575 -0.0307255	0 0 0 1	
0.7691023 -0.01376065 -0.6389776 -0.03322965	0.1598907 0.9721198 0.1715167 0.01390239	-0.6188026 0.2340805 -0.7498598 -0.03228854	0 0 0 1	
0.7818197 -0.008838102 -0.6234419 -0.03150777	0.1489884 0.9735817 0.1730352 0.01636731	-0.6054423 0.228168 -0.7624821 -0.04294893	0 0 0 1	
0.7768633 -0.008824006 -0.6296074 -0.03499672	0.1508224 0.9734021 0.1724553 0.01716325	-0.6113394 0.2289331 -0.7575313 -0.04528175	0 0 0 1	
0.7714545 -0.009232648 -0.6362175 -0.03867799	0.1531034 0.9732105 0.1715247 0.01798384	-0.6175899 0.2297305 -0.7522012 -0.04758941	0 0 0 1	
0.765801 -0.01018091 -0.6429971 -0.04253075	0.1563272 0.9728288 0.1707802 0.01884316	-0.6237875 0.2313016 -0.7465848 -0.04979591	0 0 0 1	
0.7601327 -0.01131828 -0.6496693 -0.04651939	0.1599573 0.9723376 0.1702151 0.01969877	-0.6297714 0.2333054 -0.740916 -0.05192166	0 0 0 1	
0.7543988 -0.01262464 -0.6562948 -0.05063158	0.1637136 0.9718388 0.1694912 0.02055505	-0.635673 0.2353083 -0.7352209 -0.05401128	0 0 0 1	
0.7461989 -0.009741195 -0.6656518 -0.05198357	0.1630149 0.972126 0.1685144 0.02066475	-0.645456 0.2342564 -0.7269874 -0.06021181	0 0 0 1	
0.7407398 -0.01107929 -0.6717006 -0.05591789	0.166172 0.9718146 0.1672221 0.02170177	-0.6509157 0.2354859 -0.7217029 -0.06257421	0 0 0 1	
0.7353192 -0.01197819 -0.6776151 -0.05985161	0.1686964 0.9716085 0.1658871 0.02276712	-0.6563895 0.2362912 -0.716463 -0.06492247	0 0 0 1	
0.7297955 -0.01214485 -0.6835577 -0.06378289	0.1704031 0.9715179 0.1646685 0.02385639	-0.6620887 0.2366547 -0.7110789 -0.06725439	0 0 0 1	
0.7238958 -0.011488 -0.6898137 -0.06775755	0.1713906 0.9715114 0.1636793 0.02498733	-0.6682815 0.2367144 -0.7052419 -0.06953931	0 0 0 1	
0.71765 -0.009919003 -0.6963333 -0.07178207	0.1718199 0.9715093 0.163241 0.02619855	-0.6748751 0.2367939 -0.6989079 -0.07175134	0 0 0 1	
0.7108006 -0.00638108 -0.7033646 -0.07633257	0.1711173 0.9714864 0.1641129 0.02543926	-0.6822619 0.2370094 -0.6916251 -0.07506983	0 0 0 1	
0.7045047 -0.00409627 -0.7096874 -0.0803434	0.1712669 0.9714099 0.1644093 0.02689009	-0.688724 0.2373731 -0.6850644 -0.07717627	0 0 0 1	
0.698392 -0.002554834 -0.7157109 -0.08444673	0.1718108 0.9713516 0.164186 0.02833219	-0.6947875 0.237633 -0.6788232 -0.07929096	0 0 0 1	
0.6926087 -0.001807675 -0.7213113 -0.08862523	0.1726847 0.9713328 0.1633789 0.02975097	-0.7003379 0.2377171 -0.6730657 -0.08145171	0 0 0 1	
0.6873283 -0.001744777 -0.7263448 -0.09284107	0.1738142 0.9713382 0.1621443 0.03114977	-0.7052436 0.2376954 -0.6679314 -0.08367954	0 0 0 1	
0.6823941 -0.002211019 -0.7309811 -0.09711669	0.1752181 0.971337 0.1606337 0.03253607	-0.7096738 0.2376966 -0.6632221 -0.08596142	0 0 0 1	
0.6755043 -0.001085833 -0.7373553 -0.09901673	0.1771689 0.9709426 0.1608778 0.03342715	-0.7157549 0.2393101 -0.6560682 -0.09356691	0 0 0 1	
0.6698722 -0.001663968 -0.7424746 -0.103491	0.178774 0.9709386 0.1591167 0.0348495	-0.7206324 0.239323 -0.6507022 -0.09572938	0 0 0 1	
0.6641331 -0.001750164 -0.7476124 -0.1080467	0.1799895 0.9709584 0.1576186 0.03631409	-0.7256247 0.239242 -0.6451606 -0.09787741	0 0 0 1	
0.6581518 -0.001551367 -0.7528836 -0.1127088	0.1810932 0.9709653 0.1563063 0.03782308	-0.7307814 0.2392154 -0.6393235 -0.09998173	0 0 0 1	
0.6518027 -0.0008656308 -0.7583882 -0.11749	0.1820152 0.9709502 0.1553262 0.03941004	-0.7362227 0.2392802 -0.6330255 -0.1020145	0 0 0 1	
0.6442615 0.002373397 -0.7648016 -0.1186669	0.1830839 0.9704411 0.1572397 0.03904495	-0.7425681 0.2413263 -0.6247834 -0.1053225	0 0 0 1	
0.6379086 0.003673308 -0.7701033 -0.1233084	0.1838683 0.9703423 0.1569342 0.04070415	-0.7478403 0.2417073 -0.6183143 -0.1071663	0 0 0 1	
0.6317132 0.004559986 -0.7751888 -0.1280328	0.1848848 0.9702398 0.1563728 0.04233642	-0.7528321 0.2421033 -0.6120702 -0.1090197	0 0 0 1	
0.6252689 0.004926771 -0.7803938 -0.1329323	0.1861125 0.9701865 0.1552425 0.0438865	-0.7578924 0.2423093 -0.6057106 -0.1108587	0 0 0 1	
0.6185159 0.005346052 -0.7857542 -0.1379629	0.1870642 0.9702252 0.1538511 0.04538	-0.763181 0.2421458 -0.5990996 -0.1126701	0 0 0 1	
0.6118273 0.005979553 -0.7909689 -0.1430238	0.1876159 0.9703383 0.1524595 0.04685443	-0.768419 0.2416772 -0.5925575 -0.1144815	0 0 0 1	
0.603896 0.009379931 -0.7970079 -0.1355646	0.1888623 0.9697712 0.1545149 0.04111775	-0.7743647 0.2438357 -0.5838695 -0.113381	0 0 0 1	
0.5976627 0.009073727 -0.8016964 -0.1402131	0.1902416 0.9697732 0.1528008 0.04237591	-0.7788502 0.2438394 -0.5778711 -0.1149337	0 0 0 1	
0.5913607 0.008436099 -0.8063631 -0.1449489	0.1923326 0.9696125 0.1511946 0.04366841	-0.7831352 0.2445004 -0.5717682 -0.116338	0 0 0 1	
0.5849265 0.007976465 -0.8110471 -0.1497334	0.1945739 0.9693725 0.1498601 0.04500454	-0.787402 0.2454657 -0.5654596 -0.1176218	0 0 0 1	
0.5782723 0.007964633 -0.815805 -0.1545501	0.1965427 0.9691419 0.1487783 0.04637515	-0.7918158 0.2463748 -0.5588626 -0.1188114	0 0 0 1	
0.5714157 0.008288205 -0.8206189 -0.1594118	0.1981926 0.9689567 0.1477924 0.04775076	-0.7963691 0.2470915 -0.5520344 -0.1199331	0 0 0 1	
0.5645524 0.00893648 -0.8253489 -0.1642826	0.1993945 0.9688489 0.1468794 0.04911134	-0.800951 0.2474912 -0.5451841 -0.1210385	0 0 0 1	
0.5560373 0.01265999 -0.8310609 -0.1557587	0.2009614 0.9681695 0.1492057 0.04398395	-0.8064968 0.2499751 -0.5357942 -0.1185064	0 0 0 1	
0.548536 0.01360725 -0.8360162 -0.1603119	0.202019 0.9680873 0.1483078 0.04514071	-0.8113548 0.2502434 -0.5282818 -0.1192996	0 0 0 1	
0.540964 0.01488977 -0.840914 -0.16488	0.2032019 0.9679084 0.1478592 0.04637729	-0.8161293 0.2508618 -0.5205779 -0.1199866	0 0 0 1	
0.5334969 0.01664589 -0.8456383 -0.1694003	0.2044522 0.9676186 0.1480319 0.04772916	-0.8207195 0.2518672 -0.5128182 -0.1206088	0 0 0 1	
0.5261229 0.0185724 -0.8502058 -0.1739054	0.2056393 0.9673131 0.148384 0.04912653	-0.825171 0.2529039 -0.5051063 -0.1212282	0 0 0 1	
0.5190487 0.02043577 -0.8545004 -0.1783715	0.2064933 0.9671043 0.1485589 0.05049057	-0.829427 0.2535579 -0.4977544 -0.1219472	0 0 0 1	
0.5106625 0.02464269 -0.859428 -0.1681898	0.2078028 0.9664167 0.1511845 0.04556691	-0.8342912 0.2557959 -0.4883919 -0.1185147	0 0 0 1	
0.5035681 0.02587716 -0.8635679 -0.1722714	0.2085625 0.9663482 0.150575 0.04661747	-0.8384038 0.2559327 -0.4812251 -0.1191968	0 0 0 1	
0.4965847 0.02657194 -0.8675815 -0.1764215	0.2096496 0.9662654 0.1495933 0.04762765	-0.842289 0.2561738 -0.4742618 -0.1198747	0 0 0 1	
0.4896601 0.02679299 -0.8715017 -0.1806443	0.2110889 0.9661507 0.1483048 0.04860903	-0.8459756 0.2565833 -0.4674298 -0.1205163	0 0 0 1	
0.4825932 0.02722143 -0.8754215 -0.1849005	0.212488 0.9660165 0.1471767 0.04964319	-0.849678 0.257043 -0.4604087 -0.1210585	0 0 0 1	
0.475484 0.02835604 -0.8792673 -0.1891076	0.2135903 0.9658532 0.1466523 0.05081782	-0.8534017 0.2575338 -0.4531911 -0.1214932	0 0 0 1	
0.4672874 0.0321232 -0.8835217 -0.178096	0.2152193 0.9651445 0.1489186 0.04591421	-0.8575099 0.2597388 -0.4440863 -0.1189455	0 0 0 1	
0.4603522 0.03352292 -0.8871033 -0.1817663	0.2161571 0.9649782 0.148638 0.04697935	-0.861018 0.2601795 -0.4369836 -0.1192525	0 0 0 1	
0.4532738 0.03484097 -0.8906902 -0.1854596	0.2170493 0.9648455 0.1481985 0.04804334	-0.8645418 0.2604982 -0.429777 -0.119491	0 0 0 1	
0.4461939 0.03622091 -0.8942031 -0.1891392	0.2178941 0.9647157 0.147803 0.04914859	-0.8680053 0.2607904 -0.4225579 -0.1196615	0 0 0 1	
0.439366 0.03771061 -0.8975163 -0.1927485	0.2188844 0.9645108 0.1476772 0.05031747	-0.8712332 0.2613367 -0.415519 -0.119773	0 0 0 1	
0.4330798 0.03892324 -0.9005148 -0.1962551	0.2201784 0.9642332 0.1475666 0.05148413	-0.87405 0.262182 -0.4090198 -0.1198926	0 0 0 1	
0.4260408 0.04143745 -0.9037545 -0.1869969	0.2221683 0.9635695 0.1489128 0.04787394	-0.8770008 0.2642285 -0.4013138 -0.1181144	0 0 0 1	
0.4215087 0.04103981 -0.9058952 -0.1898517	0.2234967 0.9634582 0.1476396 0.04860215	-0.8788513 0.264696 -0.3969338 -0.1185278	0 0 0 1	
0.4173664 0.04024532 -0.9078468 -0.1925961	0.22453 0.9634777 0.1459352 0.04918907	-0.8805634 0.2647473 -0.3930869 -0.1190158	0 0 0 1	
0.4133021 0.03957361 -0.9097337 -0.1952338	0.2253696 0.9635277 0.1443016 0.04973328	-0.8822642 0.2646665 -0.3893093 -0.1194534	0 0 0 1	
0.4095509 0.03940599 -0.9114358 -0.1976689	0.2261578 0.9634954 0.1432801 0.05033358	-0.8838103 0.2648088 -0.3856885 -0.1198212	0 0 0 1	
0.4064007 0.0393407 -0.9128476 -0.1998638	0.2270401 0.9633892 0.1425974 0.05093616	-0.8850374 0.2652047 -0.3825902 -0.1201966	0 0 0 1	
0.4023342 0.04096585 -0.9145759 -0.1869999	0.2283076 0.9629454 0.143568 0.04620721	-0.886568 0.266567 -0.378073 -0.1176919	0 0 0 1	
0.4009668 0.04044569 -0.9151993 -0.1882609	0.228974 0.9628908 0.1428713 0.04653136	-0.8870155 0.2668435 -0.3768262 -0.118239	0 0 0 1	
0.4006549 0.03953448 -0.9153757 -0.1892024	0.2295457 0.9628752 0.1420568 0.04674391	-0.8870087 0.2670363 -0.3767056 -0.1189597	0 0 0 1	
0.4015396 0.03821664 -0.915044 -0.1897946	0.2298301 0.9629522 0.1410716 0.04682054	-0.8865349 0.2669505 -0.3778801 -0.1199151	0 0 0 1	
0.4038997 0.03607481 -0.9140917 -0.1900215	0.2299864 0.9631248 0.1396315 0.04671589	-0.8854215 0.2666258 -0.3807091 -0.1211767	0 0 0 1	
0.4085857 0.03283081 -0.9121293 -0.1897363	0.2300863 0.9633729 0.1377418 0.04641737	-0.8832429 0.2661478 -0.3860665 -0.1229021	0 0 0 1	
0.4150349 0.02909122 -0.9093403 -0.1747926	0.2304023 0.9635471 0.1359841 0.04105762	-0.8801482 0.2659523 -0.3932031 -0.1201359	0 0 0 1	
0.4256279 0.02223606 -0.9046251 -0.1730572	0.2301715 0.9641567 0.1319956 0.04007226	-0.8751354 0.2643999 -0.4052539 -0.1227557	0 0 0 1	
0.4385532 0.01309921 -0.8986098 -0.1708433	0.230731 0.9647375 0.126668 0.03882225	-0.8685818 0.2628878 -0.4200663 -0.1257176	0 0 0 1	
0.4524319 0.001779728 -0.8917972 -0.1684133	0.232941 0.965046 0.120103 0.03737633	-0.860839 0.2620746 -0.4362031 -0.1286691	0 0 0 1	
0.4658918 -0.01036444 -0.8847809 -0.1659447	0.2364715 0.9650203 0.1132125 0.03588519	-0.8526582 0.2619702 -0.4520459 -0.1313199	0 0 0 1	
0.4782888 -0.02076893 -0.8779571 -0.1633736	0.2396386 0.9648673 0.1077242 0.03458171	-0.8448747 0.2619156 -0.4664622 -0.1335841	0 0 0 1	
0.4884545 -0.02686854 -0.8721756 -0.1562897	0.2411052 0.9647686 0.1053079 0.03237126	-0.8386182 0.2617242 -0.4777238 -0.1345162	0 0 0 1	
0.4974872 -0.03047234 -0.866936 -0.15353	0.2404403 0.9650706 0.1040538 0.03159773	-0.8334837 0.2602118 -0.487437 -0.1358417	0 0 0 1	
0.5043652 -0.03139642 -0.8629195 -0.1509587	0.2386815 0.965472 0.1043785 0.03109386	-0.8298475 0.2586078 -0.4944443 -0.1366313	0 0 0 1	
0.5093232 -0.02973279 -0.8600615 -0.1485756	0.2361385 0.9658712 0.1064491 0.03086158	-0.8275436 0.2573106 -0.4989617 -0.1369043	0 0 0 1	
0.5133042 -0.02619112 -0.857807 -0.1462362	0.2329742 0.9662522 0.1099075 0.03079379	-0.8259793 0.2562629 -0.5020832 -0.1368611	0 0 0 1	
0.5176401 -0.02282539 -0.855294 -0.1437781	0.2297736 0.9666306 0.1132667 0.03065531	-0.824168 0.2551554 -0.5056114 -0.1368004	0 0 0 1	
0.5216565 -0.02096469 -0.852898 -0.1396725	0.2281742 0.9667099 0.1157955 0.02917304	-0.8220773 0.2550148 -0.5090741 -0.1378171	0 0 0 1	
0.5293283 -0.02173715 -0.8481386 -0.1366125	0.2267846 0.9669213 0.1167562 0.02863262	-0.8175453 0.2541471 -0.5167484 -0.1381124	0 0 0 1	
0.5388634 -0.02416103 -0.8420466 -0.1331472	0.2263444 0.9669826 0.1171021 0.02800922	-0.8114151 0.2536946 -0.5265402 -0.1385804	0 0 0 1	
0.5500844 -0.02765682 -0.834651 -0.1292678	0.2264501 0.9669455 0.1172035 0.02735331	-0.8038206 0.2534787 -0.5381645 -0.1391851	0 0 0 1	
0.5626712 -0.03251147 -0.8260413 -0.1250654	0.227102 0.9668608 0.1166403 0.02661766	-0.7948747 0.2532257 -0.5514081 -0.1399024	0 0 0 1	
0.5759783 -0.03846988 -0.8165593 -0.1206609	0.2281348 0.9667696 0.1153734 0.02578082	-0.7849863 0.2527382 -0.5656147 -0.1406483	0 0 0 1	
0.5876076 -0.04464537 -0.8079134 -0.1145608	0.2304241 0.9663672 0.1141894 0.02379562	-0.775643 0.2532613 -0.5781321 -0.1422095	0 0 0 1	
0.6020575 -0.05162989 -0.7967818 -0.1096835	0.2320803 0.9661388 0.1127587 0.02297071	-0.76398 0.2528046 -0.5936534 -0.1427788	0 0 0 1	
0.6179659 -0.05882985 -0.7840008 -0.1043587	0.2338803 0.9658072 0.1118772 0.0222801	-0.7506118 0.2524986 -0.610595 -0.1433408	0 0 0 1	
0.6360217 -0.06737532 -0.7687242 -0.098452	0.2366266 0.9652184 0.1111813 0.02171889	-0.7344959 0.2526144 -0.6298427 -0.1439248	0 0 0 1	
0.6553953 -0.07821008 -0.7512258 -0.09218419	0.2414723 0.9641194 0.1102943 0.02131198	-0.7156453 0.2536866 -0.6507648 -0.1443661	0 0 0 1	
0.6744841 -0.09045009 -0.7327277 -0.08590254	0.248337 0.9624316 0.1097916 0.02115272	-0.6952696 0.2560161 -0.671607 -0.1444419	0 0 0 1	
0.6913701 -0.1014383 -0.7153444 -0.07845758	0.2559938 0.9602559 0.1112468 0.02066298	-0.675629 0.2600364 -0.6898598 -0.1458823	0 0 0 1	
0.7080057 -0.109845 -0.6976117 -0.07231406	0.2613468 0.9584507 0.1143244 0.02101963	-0.6560685 0.263261 -0.7072961 -0.1451465	0 0 0 1	
0.7230442 -0.1145386 -0.68124 -0.06635831	0.2639777 0.9571283 0.1192522 0.02152036	-0.6383751 0.2660568 -0.7222817 -0.1441275	0 0 0 1	
0.7372923 -0.1168487 -0.665392 -0.06046326	0.2644962 0.9562312 0.1251543 0.02208394	-0.6216444 0.2682689 -0.7359279 -0.1429532	0 0 0 1	
0.7508056 -0.1182253 -0.6498567 -0.05467116	0.2642417 0.9554541 0.1314678 0.02270363	-0.6053654 0.270426 -0.7486004 -0.1416207	0 0 0 1	
0.763621 -0.1192016 -0.6345661 -0.04904188	0.2637456 0.9546618 0.1380542 0.02337777	-0.5893397 0.2727851 -0.7604387 -0.1401425	0 0 0 1	
0.7755998 -0.1198072 -0.6197509 -0.04363226	0.2629766 0.9538885 0.1447065 0.02407212	-0.5738364 0.2752143 -0.7713423 -0.1385736	0 0 0 1	
0.7861265 -0.1196074 -0.6063821 -0.03673728	0.2621156 0.9530176 0.1518318 0.02293602	-0.5597326 0.2783012 -0.7805433 -0.1375842	0 0 0 1	
0.7970347 -0.1200903 -0.5918733 -0.03164183	0.2606187 0.9524748 0.1577012 0.02343515	-0.544806 0.2799465 -0.7904533 -0.1359859	0 0 0 1	
0.8074764 -0.1208551 -0.5773872 -0.02673099	0.2589087 0.9520832 0.1627999 0.02383502	-0.5300455 0.2809477 -0.8000752 -0.1344771	0 0 0 1	
0.8177493 -0.121131 -0.5626842 -0.02186543	0.2561985 0.9520207 0.1673886 0.02408735	-0.5154111 0.2810408 -0.8095478 -0.1330979	0 0 0 1	
0.8274802 -0.1208397 -0.5483377 -0.01713902	0.2525507 0.9523081 0.1712524 0.02421515	-0.5014924 0.2801911 -0.8185343 -0.1318616	0 0 0 1	
0.8356524 -0.1205337 -0.5358701 -0.01079113	0.2494278 0.9525015 0.1747185 0.02221387	-0.4893576 0.2796648 -0.8260247 -0.1296004	0 0 0 1	
0.8439036 -0.1198903 -0.5229273 -0.006590426	0.2455465 0.9529424 0.1777858 0.02225318	-0.4770048 0.2784371 -0.8336301 -0.1283966	0 0 0 1	
0.8510828 -0.1192835 -0.5113019 -0.002781469	0.2421284 0.9532804 0.1806384 0.02233822	-0.4658669 0.2775389 -0.8402025 -0.1272455	0 0 0 1	
0.8572516 -0.1187264 -0.5010227 0.0006395653	0.2390713 0.9535857 0.1830824 0.02243123	-0.4560314 0.2767278 -0.845847 -0.1261906	0 0 0 1	
0.8626966 -0.1172308 -0.4919465 0.003803328	0.2354272 0.9540229 0.1855109 0.02247677	-0.4475807 0.2758573 -0.8506317 -0.1252731	0 0 0 1	
0.8675261 -0.1148581 -0.4839484 0.006752349	0.2311336 0.9546322 0.187762 0.0224596	-0.4404268 0.2747451 -0.8547159 -0.1245089	0 0 0 1	
0.8714643 -0.1115699 -0.4776005 0.01201917	0.226739 0.9551231 0.1906027 0.01945142	-0.4349018 0.2743941 -0.8576528 -0.1212977	0 0 0 1	
0.8761038 -0.108076 -0.4698529 0.01491245	0.2212148 0.9560215 0.1925797 0.01921278	-0.4283763 0.2726582 -0.861482 -0.1205913	0 0 0 1	
0.8805364 -0.1046066 -0.4622912 0.01774696	0.2159189 0.9567893 0.1947646 0.01902388	-0.4219416 0.2713147 -0.8650744 -0.1199182	0 0 0 1	
0.8849608 -0.1011374 -0.4545498 0.02057742	0.2108936 0.9573325 0.1975812 0.01892175	-0.4151725 0.2707133 -0.868531 -0.1192214	0 0 0 1	
0.8894411 -0.09738615 -0.446554 0.02346347	0.2058094 0.9577132 0.2010671 0.01888563	-0.4080895 0.2707423 -0.8718724 -0.1185115	0 0 0 1	
0.893824 -0.09372914 -0.4385127 0.02631928	0.2010823 0.9578551 0.2051327 0.0189677	-0.4008048 0.2715297 -0.8750012 -0.1177894	0 0 0 1	
0.8955213 -0.08980267 -0.4358636 0.02937284	0.1980755 0.9574953 0.2096875 0.0166303	-0.3985068 0.2741135 -0.8752452 -0.1144901	0 0 0 1	
0.8992556 -0.0852821 -0.4290295 0.03187121	0.1929145 0.9575942 0.2140034 0.01661491	-0.3925855 0.2752098 -0.8775741 -0.1138157	0 0 0 1	
0.9025089 -0.08027874 -0.4231231 0.03419288	0.187432 0.9577652 0.218071 0.01655138	-0.3877461 0.2761178 -0.8794384 -0.1133037	0 0 0 1	
0.9052271 -0.07529128 -0.4182047 0.03626524	0.1823505 0.95778 0.2222742 0.01658583	-0.3838127 0.2774684 -0.8807378 -0.1128727	0 0 0 1	
0.9074856 -0.07059599 -0.4141088 0.03808541	0.1779992 0.9575294 0.2268339 0.01675577	-0.3805079 0.2795596 -0.8815102 -0.112469	0 0 0 1	
0.9094142 -0.06601045 -0.4106195 0.03969599	0.1739795 0.9571643 0.2314468 0.01696269	-0.3777525 0.2819204 -0.8819433 -0.1121334	0 0 0 1	
0.9099307 -0.0613876 -0.4101922 0.041461	0.1711858 0.9564052 0.2366105 0.01443185	-0.377785 0.2855182 -0.8807712 -0.1064964	0 0 0 1	
0.9116902 -0.05717084 -0.4068813 0.04281648	0.1672885 0.956126 0.2404946 0.01452578	-0.3752805 0.2873231 -0.8812548 -0.1061391	0 0 0 1	
0.9134969 -0.05313144 -0.4033616 0.04415593	0.1633026 0.9559489 0.2439137 0.0145907	-0.3726336 0.2886844 -0.8819329 -0.1058655	0 0 0 1	
0.9151394 -0.04982574 -0.4000466 0.04535718	0.159993 0.9557261 0.2469615 0.01472635	-0.37003 0.2900088 -0.8825943 -0.1056322	0 0 0 1	
0.916476 -0.04737195 -0.3972752 0.0463274	0.1576797 0.9553643 0.2498323 0.01495803	-0.3677075 0.2916076 -0.883038 -0.1054267	0 0 0 1	
0.9175012 -0.0454535 -0.3951272 0.04708758	0.1560178 0.9549552 0.2524262 0.01522051	-0.3658552 0.2932482 -0.8832641 -0.1052945	0 0 0 1	
0.9174539 -0.043572 -0.3954489 0.04911289	0.1553574 0.9543025 0.2552856 0.01331358	-0.3662546 0.2956487 -0.8822978 -0.1003594	0 0 0 1	
0.9183478 -0.04238863 -0.3934977 0.04970195	0.1540678 0.9541092 0.2567854 0.01349959	-0.364555 0.2964437 -0.8827348 -0.1002263	0 0 0 1	
0.9193807 -0.04119765 -0.3912058 0.05032931	0.1525863 0.9539838 0.2581326 0.01367224	-0.3625696 0.2970147 -0.8833604 -0.1001436	0 0 0 1	
0.9204375 -0.04046976 -0.3887892 0.05093229	0.1514753 0.9538379 0.2593229 0.01388888	-0.3603472 0.2975825 -0.8840784 -0.1000977	0 0 0 1	
0.9213853 -0.04028487 -0.386557 0.05145273	0.1508819 0.9536795 0.26025 0.01415756	-0.3581674 0.298115 -0.8847845 -0.1001023	0 0 0 1	
0.9221264 -0.04024132 -0.3847902 0.05184762	0.1505327 0.9535234 0.2610231 0.01445842	-0.3564026 0.2986198 -0.8853267 -0.1001756	0 0 0 1	
0.9218197 -0.03977197 -0.385573 0.0529051	0.1507812 0.9531709 0.2621647 0.01391977	-0.3570901 0.2998057 -0.8846486 -0.09608164	0 0 0 1	
0.9219608 -0.03952369 -0.3852611 0.0529618	0.1506547 0.9530274 0.2627582 0.01425103	-0.3567792 0.3002942 -0.8846084 -0.09619265	0 0 0 1	
0.9220358 -0.03912872 -0.3851221 0.05296131	0.150521 0.952827 0.2635602 0.01462553	-0.3566419 0.3009809 -0.8844303 -0.09632333	0 0 0 1	
0.9220004 -0.03853022 -0.385267 0.05288598	0.1504715 0.9524789 0.2648438 0.01510326	-0.3567542 0.3021578 -0.8839837 -0.09645259	0 0 0 1	
0.9219138 -0.03734314 -0.3855911 0.05275837	0.1501164 0.9520125 0.2667158 0.01563448	-0.3571275 0.3037725 -0.8832793 -0.09658202	0 0 0 1	
0.9216712 -0.03586281 -0.3863111 0.05251256	0.1497282 0.9514596 0.2688978 0.01619921	-0.3579159 0.305677 -0.8823025 -0.096734	0 0 0 1	
0.9206184 -0.0339809 -0.3889822 0.05348864	0.1497487 0.9507573 0.2713591 0.01536462	-0.3606066 0.3080678 -0.8803732 -0.09277474	0 0 0 1	
0.9199191 -0.03262312 -0.3907486 0.05291756	0.149615 0.9503407 0.2728881 0.01590519	-0.3624418 0.3094968 -0.8791175 -0.09300366	0 0 0 1	
0.919108 -0.031778 -0.3927222 0.05218692	0.1497992 0.9500767 0.2737052 0.01644864	-0.3644184 0.310394 -0.8779833 -0.0933145	0 0 0 1	
0.9181796 -0.03164916 -0.3948982 0.05129048	0.1507113 0.9497606 0.2743008 0.01708131	-0.3663774 0.311373 -0.8768207 -0.09363184	0 0 0 1	
0.9170789 -0.03185873 -0.3974311 0.05022869	0.1522621 0.949237 0.275255 0.01783822	-0.368487 0.3129442 -0.875376 -0.09392352	0 0 0 1	
0.9157913 -0.03137073 -0.4004275 0.04906302	0.1535611 0.9485529 0.2768869 0.01865598	-0.3711405 0.3150607 -0.8734939 -0.09423	0 0 0 1	
0.9138132 -0.02912168 -0.4050893 0.04875273	0.1538609 0.9479026 0.2789401 0.01865827	-0.375862 0.3172266 -0.8706865 -0.09077293	0 0 0 1	
0.9120849 -0.02690754 -0.4091175 0.04739792	0.1538537 0.9473866 0.2806914 0.0194331	-0.3800398 0.3189587 -0.8682368 -0.09118044	0 0 0 1	
0.9100873 -0.02498765 -0.4136626 0.045838	0.1543622 0.9467911 0.2824162 0.02028794	-0.3845951 0.3208773 -0.8655198 -0.09159999	0 0 0 1	
0.9078245 -0.02320329 -0.4187078 0.04408762	0.1554069 0.945989 0.2845233 0.0212391	-0.3894911 0.3233673 -0.862398 -0.09199025	0 0 0 1	
0.905224 -0.02154484 -0.4243883 0.04212275	0.1570022 0.9450036 0.2869122 0.02231156	-0.394867 0.3263496 -0.8588225 -0.09235978	0 0 0 1	
0.9022354 -0.0194156 -0.4308065 0.03997854	0.1585712 0.9439354 0.2895533 0.02345081	-0.4010316 0.3295588 -0.8547307 -0.09274506	0 0 0 1	
0.8985837 -0.01572762 -0.4385204 0.03809303	0.1594423 0.9427537 0.2929054 0.02343582	-0.40881 0.3331186 -0.8496507 -0.09048337	0 0 0 1	
0.8947097 -0.01054527 -0.4465236 0.03576285	0.1590613 0.9417016 0.2964754 0.02447985	-0.4173656 0.336284 -0.8442269 -0.0909456	0 0 0 1	
0.8902534 -0.003977105 -0.4554482 0.03329924	0.1579119 0.9406339 0.3004526 0.0255091	-0.4272151 0.3393996 -0.8380306 -0.09147636	0 0 0 1	
0.8852793 0.003246613 -0.4650484 0.03069207	0.1566351 0.9394695 0.3047336 0.02656735	-0.4378881 0.3426173 -0.8311843 -0.09201708	0 0 0 1	
0.8801247 0.01059689 -0.4746242 0.02801903	0.155473 0.9381858 0.3092499 0.02764934	-0.4485628 0.3459697 -0.8240731 -0.09251498	0 0 0 1	
0.874973 0.01751342 -0.4838549 0.02531493	0.1546237 0.9369068 0.3135237 0.0287097	-0.4588179 0.3491402 -0.8170602 -0.09298915	0 0 0 1	
0.8698642 0.0239509 -0.4927095 0.02397683	0.1541776 0.935581 0.3176751 0.02880925	-0.4685783 0.352299 -0.8101357 -0.09196182	0 0 0 1	
0.8656029 0.02857944 -0.4999149 0.02140325	0.1541529 0.9346726 0.3203498 0.0297248	-0.4764121 0.354359 -0.8046497 -0.09239335	0 0 0 1	
0.861966 0.03130466 -0.5059987 0.01885763	0.1549955 0.9340281 0.3218196 0.03058825	-0.4826915 0.3558251 -0.8002484 -0.09286026	0 0 0 1	
0.858956 0.03231703 -0.5110286 0.01634501	0.1564657 0.9337069 0.3220403 0.03135322	-0.4875583 0.3565769 -0.7969566 -0.09339695	0 0 0 1	
0.8563433 0.03241483 -0.5153886 0.01387277	0.1580511 0.9336836 0.3213327 0.03198257	-0.4916259 0.3566289 -0.7944305 -0.09403422	0 0 0 1	
0.8539461 0.03177239 -0.5193905 0.01139246	0.1599015 0.9338185 0.3200229 0.03253166	-0.4951844 0.3563336 -0.7923502 -0.09474729	0 0 0 1	
0.8510885 0.03132275 -0.524087 0.01033115	0.1620302 0.9338222 0.3189393 0.03160949	-0.4993941 0.3563635 -0.7896901 -0.09296153	0 0 0 1	
0.8484778 0.03054866 -0.5283486 0.007757571	0.1641521 0.9339046 0.3176103 0.03210543	-0.5031297 0.3562148 -0.7873827 -0.09365725	0 0 0 1	
0.8457412 0.0304676 -0.5327227 0.005176675	0.1658297 0.9339237 0.3166814 0.03259262	-0.5071709 0.3561718 -0.7848053 -0.09437786	0 0 0 1	
0.8428969 0.03161154 -0.5371456 0.002650443	0.1665563 0.9339153 0.3163244 0.03306405	-0.5116481 0.3560939 -0.7819293 -0.09515738	0 0 0 1	
0.8398844 0.03318364 -0.5417501 9.058416E-05	0.1669686 0.9339312 0.3160602 0.03356811	-0.5164453 0.3559093 -0.7788535 -0.09600152	0 0 0 1	
0.8366513 0.03447561 -0.5466498 -0.002603296	0.1677054 0.9339627 0.3155766 0.03413199	-0.5214303 0.3557037 -0.7756194 -0.09690118	0 0 0 1	
0.8328325 0.03585243 -0.5523627 -0.003721397	0.1688956 0.9338522 0.3152686 0.03302998	-0.5271283 0.3558576 -0.7716872 -0.09761549	0 0 0 1	
0.8290724 0.03586788 -0.5579897 -0.006779619	0.1706939 0.9340659 0.3136628 0.03367871	-0.5324495 0.3552946 -0.7682859 -0.09859773	0 0 0 1	
0.8251289 0.03571239 -0.5638147 -0.009988222	0.1724096 0.9344721 0.3115072 0.03437269	-0.5379938 0.3542407 -0.7649028 -0.0996694	0 0 0 1	
0.8211733 0.03509308 -0.5695989 -0.01332444	0.1743132 0.9349822 0.3089065 0.03517439	-0.5434053 0.3529544 -0.7616652 -0.1007901	0 0 0 1	
0.8171709 0.03322085 -0.5754374 -0.01688999	0.1771474 0.9355441 0.305575 0.03613348	-0.5484985 0.3516442 -0.7586144 -0.1019076	0 0 0 1	
0.8128731 0.02983541 -0.5816762 -0.02082082	0.1811747 0.9361899 0.3012047 0.03726272	-0.5535459 0.3502262 -0.7555981 -0.1030119	0 0 0 1	
0.8075545 0.02564088 -0.5892354 -0.022323	0.1858858 0.9370726 0.295536 0.03637776	-0.5597341 0.3481918 -0.7519709 -0.1021607	0 0 0 1	
0.8012787 0.02051833 -0.5979394 -0.02718274	0.1909666 0.9383632 0.288108 0.03775075	-0.5669959 0.3450413 -0.7479721 -0.1032445	0 0 0 1	
0.7938263 0.01486701 -0.6079627 -0.03261749	0.1967788 0.9396413 0.2799149 0.03933441	-0.5754284 0.341838 -0.7429866 -0.104174	0 0 0 1	
0.784879 0.008259825 -0.619594 -0.03875881	0.2040482 0.9406976 0.2710212 0.04111788	-0.5850891 0.3391458 -0.7366483 -0.1048576	0 0 0 1	
0.7746227 0.0004388392 -0.6324235 -0.04557495	0.2125174 0.9416682 0.2609549 0.04299693	-0.5956475 0.3365426 -0.7293442 -0.1053456	0 0 0 1	
0.7634529 -0.008315206 -0.64581 -0.05292374	0.2218629 0.9424463 0.2501436 0.04494761	-0.6065613 0.3342542 -0.7213582 -0.1056325	0 0 0 1	
0.7517664 -0.01783209 -0.6591884 -0.05899813	0.2324445 0.942638 0.2395897 0.04520663	-0.6171036 0.3333402 -0.7127885 -0.1051672	0 0 0 1	
0.7387211 -0.02781188 -0.6734371 -0.06715895	0.2441157 0.9423531 0.2288629 0.04727606	-0.6282504 0.3334624 -0.7029254 -0.1048899	0 0 0 1	
0.7236418 -0.03787689 -0.6891356 -0.0759341	0.2559499 0.9420218 0.2169895 0.04921521	-0.6409619 0.3334069 -0.691381 -0.1044946	0 0 0 1	
0.7061357 -0.04704041 -0.7065123 -0.08531895	0.2655655 0.9425501 0.2026678 0.0508131	-0.6563897 0.3307362 -0.6780606 -0.1042071	0 0 0 1	
0.6864916 -0.05417373 -0.7251169 -0.09515311	0.2718464 0.9440294 0.186837 0.0521407	-0.67441 0.3253824 -0.6627952 -0.1039707	0 0 0 1	
0.6656348 -0.06009962 -0.7438539 -0.1053049	0.2759513 0.945927 0.1705079 0.05329979	-0.693384 0.3187634 -0.6462264 -0.1035937	0 0 0 1	
0.6437709 -0.06518556 -0.7624368 -0.1139654	0.278921 0.9478082 0.1544755 0.05380615	-0.7125743 0.3121065 -0.628353 -0.102903	0 0 0 1	
0.6192492 -0.06968129 -0.7820965 -0.1249222	0.2821031 0.9492925 0.1387862 0.05506032	-0.7327676 0.3065751 -0.6075059 -0.1016552	0 0 0 1	
0.5922148 -0.07387521 -0.8023866 -0.1363915	0.2847544 0.9507237 0.1226352 0.05632968	-0.7537884 0.3011095 -0.5840689 -0.09987307	0 0 0 1	
0.563826 -0.07892279 -0.822114 -0.1482097	0.2860733 0.9524639 0.1047597 0.05740204	-0.774766 0.2942511 -0.5596016 -0.09786421	0 0 0 1	
0.5372396 -0.08640971 -0.8389917 -0.1599302	0.2856929 0.9545773 0.08462632 0.05812846	-0.79357 0.2851586 -0.5375233 -0.0962272	0 0 0 1	
0.5141134 -0.09699801 -0.8522201 -0.1712749	0.2834905 0.9569622 0.06209999 0.05834557	-0.8095188 0.2735227 -0.5194851 -0.09533811	0 0 0 1	
0.4940053 -0.1108771 -0.8623602 -0.1814711	0.2804917 0.9591291 0.0373613 0.05727816	-0.8229722 0.2603415 -0.5049149 -0.09464669	0 0 0 1	
0.4719574 -0.1276232 -0.872335 -0.1931704	0.2791267 0.9601965 0.01053783 0.05646927	-0.8362681 0.2484654 -0.4887949 -0.093991	0 0 0 1	
0.4474323 -0.1455594 -0.8823928 -0.2055332	0.2788178 0.9601933 -0.01701407 0.05540216	-0.8497442 0.2384141 -0.470206 -0.09274474	0 0 0 1	
0.4200882 -0.1637001 -0.8925964 -0.2184282	0.2769104 0.9598082 -0.04570256 0.05386901	-0.8642029 0.2279701 -0.4485344 -0.09104495	0 0 0 1	
0.3916337 -0.1810583 -0.9021314 -0.2314259	0.2721057 0.9593851 -0.07442245 0.05206633	-0.8789663 0.2163287 -0.4249945 -0.0892318	0 0 0 1	
0.3647752 -0.1967293 -0.9100751 -0.2439889	0.2651068 0.9589119 -0.1010264 0.05042347	-0.8925567 0.2044152 -0.4019416 -0.08768187	0 0 0 1	
0.3374473 -0.2105709 -0.9174908 -0.2551216	0.2574432 0.9581462 -0.1252156 0.04862431	-0.905457 0.1939481 -0.3775339 -0.08593499	0 0 0 1	
0.3088787 -0.2229168 -0.9246091 -0.267509	0.2502762 0.9569341 -0.1471018 0.04737584	-0.9175815 0.1859711 -0.3513672 -0.08332584	0 0 0 1	
0.2795134 -0.2340842 -0.9311696 -0.2799373	0.2435222 0.9553967 -0.1670754 0.04628586	-0.928746 0.1800607 -0.3240508 -0.0801842	0 0 0 1	
0.2510396 -0.2447452 -0.9365249 -0.292236	0.237246 0.9535547 -0.1856008 0.04525401	-0.9384527 0.1755937 -0.2974448 -0.0770333	0 0 0 1	
0.2216759 -0.2544821 -0.9413282 -0.3045253	0.2307534 0.9516171 -0.2029229 0.04417422	-0.9474244 0.1722315 -0.2696732 -0.07339994	0 0 0 1	
0.1895168 -0.2617479 -0.9463464 -0.3168607	0.2237386 0.9499693 -0.2179437 0.04339551	-0.9560463 0.1704302 -0.2385982 -0.0685361	0 0 0 1	
0.1546996 -0.2657587 -0.9515464 -0.3279195	0.2175885 0.9486569 -0.2295768 0.04386587	-0.963703 0.17153 -0.2045828 -0.0618329	0 0 0 1	
0.118763 -0.267591 -0.9561853 -0.339847	0.2140194 0.9472633 -0.2385119 0.04444131	-0.9695829 0.1763159 -0.1697695 -0.05446159	0 0 0 1	
0.08260471 -0.268136 -0.9598331 -0.351508	0.2137588 0.9454758 -0.2457288 0.0452472	-0.9733877 0.1848744 -0.1354172 -0.0463613	0 0 0 1	
0.04697454 -0.2692934 -0.9619119 -0.363097	0.2163898 0.9428515 -0.25339 0.04552762	-0.9751763 0.196245 -0.1025624 -0.03801831	0 0 0 1	
0.0117901 -0.2721807 -0.962174 -0.3748077	0.2210892 0.939135 -0.2629543 0.04474021	-0.9751824 0.209626 -0.07124871 -0.02960579	0 0 0 1	
-0.02394867 -0.2766236 -0.96068 -0.3867176	0.2263137 0.9345084 -0.2747293 0.04275551	-0.9737601 0.2239944 -0.04022348 -0.02085457	0 0 0 1	
-0.0618062 -0.2809532 -0.9577292 -0.3983878	0.2312471 0.9294228 -0.2875728 0.04040785	-0.9709298 0.2392459 -0.007525504 -0.01099451	0 0 0 1	
-0.102127 -0.2833553 -0.9535617 -0.4101245	0.2357585 0.9243698 -0.2999307 0.03748374	-0.9664305 0.2554412 0.02759969 0.0003644712	0 0 0 1	
-0.1437434 -0.2832365 -0.9482169 -0.4213853	0.2401416 0.9195454 -0.311076 0.03464967	-0.9600366 0.2724214 0.06416166 0.01301731	0 0 0 1	
-0.1853601 -0.2818958 -0.9413695 -0.4321065	0.2439816 0.9147716 -0.3219721 0.03143254	-0.9519005 0.2893575 0.1007847 0.02634158	0 0 0 1	
-0.2255003 -0.2805576 -0.9329722 -0.4423209	0.2465599 0.9100282 -0.3332519 0.02750988	-0.9425274 0.305182 0.1360373 0.03951086	0 0 0 1	
-0.2621449 -0.2805483 -0.9233487 -0.4521594	0.2472792 0.9053369 -0.3452799 0.02263534	-0.9328092 0.3188383 0.1679558 0.05139842	0 0 0 1	
-0.2963287 -0.281517 -0.9126542 -0.4602536	0.2454245 0.9010404 -0.3576213 0.01800633	-0.9230148 0.3299611 0.1979129 0.06167083	0 0 0 1	
-0.3286098 -0.2823582 -0.901271 -0.4692539	0.2411021 0.8975692 -0.369106 0.01206605	-0.9131733 0.3385902 0.2268729 0.07195407	0 0 0 1	
-0.3595054 -0.2821388 -0.8894682 -0.4777763	0.2339835 0.895488 -0.3786198 0.006442724	-0.9033314 0.3442367 0.2559171 0.08198208	0 0 0 1	
-0.3887625 -0.2812782 -0.8773518 -0.4859152	0.2242699 0.8947256 -0.3862242 0.001161672	-0.8936256 0.346913 0.2847536 0.09171963	0 0 0 1	
-0.4166422 -0.2801366 -0.8648311 -0.4937519	0.212918 0.8948027 -0.3924207 -0.003894044	-0.8837847 0.3476371 0.3131665 0.1014637	0 0 0 1	
-0.4439825 -0.2784289 -0.851679 -0.501249	0.2009829 0.8953329 -0.397473 -0.008693129	-0.8732042 0.3476439 0.3415527 0.1118682	0 0 0 1	
-0.4712737 -0.2756771 -0.8377967 -0.506574	0.1890541 0.8962438 -0.401255 -0.01203075	-0.861487 0.3474898 0.3702583 0.1217675	0 0 0 1	
