0 1 0 0	0 0 -1 0	1 0 0 0	0 0 0 1	
-1.192093E-07 1 0 0	-1 -1.192093E-07 0 0	0 0 -1 0	0 0 0 1	
0.7398492 -0.0982887 -0.6655543 0	0.1514873 0.988204 0.02246014 0	-0.6554959 0.1174401 -0.7460114 0	0 0 0 1	
0.775867 -0.09901176 -0.6230788 0	0.1551387 0.9872254 0.03630375 0	-0.6115246 0.1248305 -0.7813162 0	0 0 0 1	
0.7852467 -0.09888086 -0.6112367 0	0.1597237 0.9861047 0.04567073 0	-0.5982274 0.1334918 -0.7901291 0	0 0 0 1	
0.7909039 -0.09835742 -0.6039841 0	0.1618937 0.9854626 0.0515159 0	-0.5901367 0.1385253 -0.7953297 0	0 0 0 1	
0.7959841 -0.09764761 -0.5973895 0	0.1633601 0.9849374 0.05667207 0	-0.5828574 0.1426997 -0.7999463 0	0 0 0 1	
0.8021656 -0.09637095 -0.5892733 0	0.1646933 0.9843169 0.06321646 0	-0.5739394 0.1477594 -0.8054569 0	0 0 0 1	
0.8057473 -0.09517331 -0.5845625 0	0.1653005 0.9839201 0.06765309 0	-0.568724 0.1511398 -0.8085232 0	0 0 0 1	
0.8088622 -0.09338566 -0.5805352 0	0.1658337 0.9834588 0.07285637 0	-0.5641286 0.1552031 -0.8109691 0	0 0 0 1	
0.8106787 -0.09178528 -0.5782521 0	0.1659094 0.9831662 0.07653931 0	-0.5614927 0.1579862 -0.81226 0	0 0 0 1	
0.8126537 -0.09001246 -0.5757532 0	0.165558 0.9829494 0.08000579 0	-0.5587347 0.1603375 -0.8136998 0	0 0 0 1	
0.8146793 -0.08807315 -0.5731848 0	0.1713107 0.9808391 0.09277584 0	-0.554031 0.1737752 -0.8141571 0	0 0 0 1	
0.8154546 -0.08705847 -0.5722365 0	0.1744986 0.9796039 0.09963167 0	-0.5518913 0.1810996 -0.8140141 0	0 0 0 1	
0.8152816 -0.08541796 -0.57273 0	0.1752341 0.9790794 0.1034244 0	-0.5519138 0.1846818 -0.8131936 0	0 0 0 1	
0.8155339 -0.08196057 -0.5728761 0	0.1753716 0.9783736 0.1096806 0	-0.5514973 0.1899144 -0.8122704 0	0 0 0 1	
0.8146499 -0.08020119 -0.5743808 0	0.1768034 0.9775915 0.1142602 0	-0.552346 0.1946345 -0.8105747 0	0 0 0 1	
0.8137616 -0.07862234 -0.5758564 0	0.1766641 0.9773873 0.116206 0	-0.5536984 0.1962972 -0.80925 0	0 0 0 1	
0.8155354 -0.07711779 -0.5735458 0	0.177077 0.9767985 0.1204507 0	-0.5509498 0.1997936 -0.8102696 0	0 0 0 1	
0.8156715 -0.07449418 -0.5736991 0	0.1763048 0.9765109 0.1238671 0	-0.5509961 0.2021808 -0.8096458 0	0 0 0 1	
0.8154677 -0.0727369 -0.5742141 0	0.1755483 0.9764235 0.1256185 0	-0.5515391 0.2032401 -0.8090106 0	0 0 0 1	
0.8153756 -0.06984636 -0.5747036 0	0.1744588 0.9761941 0.1288766 0	-0.5520207 0.2053449 -0.8081501 0	0 0 0 1	
0.8157539 -0.06701971 -0.5745032 0	0.1729246 0.9760939 0.1316727 0	-0.5519444 0.2067582 -0.8078418 0	0 0 0 1	
0.8157315 -0.06548284 -0.5747122 0	0.172186 0.9760188 0.1331885 0	-0.5522084 0.2076035 -0.8074446 0	0 0 0 1	
0.8156254 -0.06370617 -0.5750624 0	0.1711786 0.9759935 0.134665 0	-0.5526781 0.2082746 -0.8069502 0	0 0 0 1	
0.8163556 -0.06248594 -0.5741594 0	0.170019 0.9760791 0.1355106 0	-0.5519575 0.2082428 -0.8074514 0	0 0 0 1	
0.8182126 -0.06280521 -0.571475 0	0.1695343 0.9761718 0.1354502 0	-0.5493508 0.2077117 -0.8093637 0	0 0 0 1	
0.8210987 -0.06473662 -0.5671033 0	0.1699237 0.976223 0.1345905 0	-0.5449063 0.2068764 -0.8125757 0	0 0 0 1	
0.8239294 -0.06762838 -0.5626426 0	0.1710027 0.9762427 0.1330729 0	-0.5402762 0.2058561 -0.8159197 0	0 0 0 1	
0.8269832 -0.07220548 -0.5575708 0	0.1731549 0.9762239 0.1304005 0	-0.5348983 0.2043852 -0.8198235 0	0 0 0 1	
0.8325762 -0.08035852 -0.5480505 0	0.1776898 0.9758767 0.1268502 0	-0.5246363 0.2029954 -0.8267707 0	0 0 0 1	
0.8372259 -0.0892931 -0.5395178 0	0.1838693 0.9751051 0.123944 0	-0.5150192 0.2029699 -0.8328016 0	0 0 0 1	
0.8430282 -0.099969 -0.5284976 0	0.1914924 0.9739794 0.1212224 0	-0.5026273 0.2033972 -0.8402354 0	0 0 0 1	
0.849968 -0.1118921 -0.5148151 0	0.1999583 0.9725817 0.1187493 0	-0.4874127 0.2038746 -0.8490371 0	0 0 0 1	
0.8562133 -0.1276763 -0.5005972 0	0.2110724 0.9708706 0.1133963 0	-0.4715371 0.2027536 -0.8582213 0	0 0 0 1	
0.8589732 -0.1388755 -0.4928272 0	0.2193063 0.969545 0.1090284 0	-0.4626768 0.2017325 -0.8632694 0	0 0 0 1	
0.8612828 -0.1493797 -0.4856724 0	0.2275424 0.9680049 0.1057875 0	-0.4543307 0.2016241 -0.8677161 0	0 0 0 1	
0.8645852 -0.1601711 -0.4762748 0	0.2361068 0.9661801 0.1036802 0	-0.4435606 0.202092 -0.8731625 0	0 0 0 1	
0.8655481 -0.1677215 -0.4719067 0	0.2429487 0.9645786 0.1027814 0	-0.4379525 0.2036114 -0.8756369 0	0 0 0 1	
0.8662763 -0.1762006 -0.46746 0	0.251448 0.9623498 0.103232 0	-0.4316705 0.2069693 -0.877966 0	0 0 0 1	
0.8674319 -0.1812262 -0.4633779 0	0.2566274 0.9608314 0.1046206 0	-0.426268 0.2096667 -0.8799633 0	0 0 0 1	
0.8667741 -0.1858522 -0.4627759 0	0.2619961 0.9592892 0.1054623 0	-0.4243356 0.2126574 -0.8801796 0	0 0 0 1	
0.8663268 -0.1894743 -0.4621444 0	0.2661899 0.9580522 0.106203 0	-0.4226357 0.2150247 -0.8804224 0	0 0 0 1	
0.8660761 -0.1930879 -0.4611174 0	0.2709273 0.9564834 0.1083419 0	-0.4201317 0.2187617 -0.8807002 0	0 0 0 1	
0.8653481 -0.1934485 -0.4623314 0	0.2723685 0.9559048 0.1098242 0	-0.4206995 0.2209606 -0.8798797 0	0 0 0 1	
0.8635889 -0.190771 -0.4667125 0	0.2717914 0.9557897 0.1122298 0	-0.4246688 0.2237688 -0.8772593 0	0 0 0 1	
0.8593541 -0.181609 -0.4780467 0	0.2679316 0.9561337 0.1184102 0	-0.4355722 0.2298401 -0.8703163 0	0 0 0 1	
0.8558948 -0.1713734 -0.4879296 0	0.2636593 0.9562683 0.1266283 0	-0.4448909 0.2370276 -0.8636492 0	0 0 0 1	
0.8503856 -0.1596011 -0.50137 0	0.2603853 0.9556744 0.1374259 0	-0.4572131 0.2474143 -0.8542496 0	0 0 0 1	
0.8421422 -0.1426601 -0.5200429 2.074324E-09	0.2585051 0.9531423 0.1571461 8.06447E-09	-0.4732564 0.2667731 -0.8395597 2.245971E-10	0 0 0 1	
0.8371371 -0.129746 -0.5313826 0.0004844967	0.2541881 0.9524722 0.1678843 0.0004408046	-0.4843448 0.2756132 -0.8303297 0.003909867	0 0 0 1	
0.8307312 -0.1153285 -0.5445962 0.001445486	0.2515278 0.9505083 0.1823944 0.0008462932	-0.4966079 0.2885018 -0.8186252 0.008544101	0 0 0 1	
0.823607 -0.1005267 -0.5581809 0.002852117	0.2516228 0.9467735 0.2007633 0.001156924	-0.5082889 0.3058011 -0.805064 0.01385254	0 0 0 1	
0.817041 -0.08656065 -0.5700449 0.004625602	0.2549776 0.9409829 0.2225703 0.001291102	-0.5171368 0.3271978 -0.7908927 0.01974278	0 0 0 1	
0.8222404 -0.08011192 -0.5634739 0.005649244	0.2628753 0.9315684 0.2511509 0.001023425	-0.5047944 0.3546298 -0.7870327 0.02425192	0 0 0 1	
0.8178461 -0.06904414 -0.5712799 0.007627238	0.2691861 0.9233568 0.273772 0.000724517	-0.5085928 0.3776839 -0.7737495 0.03050621	0 0 0 1	
0.8146463 -0.05902016 -0.5769472 0.009885728	0.2741637 0.9158233 0.2934314 0.000328029	-0.5110633 0.3972208 -0.7622532 0.03645498	0 0 0 1	
0.8133451 -0.04953259 -0.5796691 0.01241253	0.2755502 0.9103231 0.308843 3.808178E-06	-0.5123883 0.4109238 -0.7540556 0.04187837	0 0 0 1	
0.8142169 -0.04017723 -0.579169 0.01513847	0.2725986 0.90725 0.3202926 -0.0001161471	-0.5125826 0.4186683 -0.7496505 0.04674481	0 0 0 1	
0.8166789 -0.03048702 -0.5762864 0.01803597	0.2658902 0.9061734 0.3288649 -4.054816E-05	-0.5121893 0.4218059 -0.7481589 0.05113762	0 0 0 1	
0.8325287 -0.01755832 -0.5537035 0.02421109	0.2457066 0.9075134 0.3406578 0.003019842	-0.496512 0.419656 -0.7598451 0.05574385	0 0 0 1	
0.8359633 -0.008055814 -0.5487263 0.02766846	0.2362526 0.9077758 0.3465948 0.003399877	-0.4953283 0.4193785 -0.7607704 0.05947039	0 0 0 1	
0.840075 -0.0004969686 -0.5424702 0.03107449	0.2281507 0.90758 0.3524851 0.003674007	-0.4921599 0.4198788 -0.7625486 0.06324495	0 0 0 1	
0.8453857 0.004289277 -0.5341393 0.03425463	0.2219661 0.9067223 0.3585885 0.003869274	-0.4858541 0.4217064 -0.765578 0.06724562	0 0 0 1	
0.851598 0.006805994 -0.5241513 0.03721477	0.2176586 0.9050514 0.3653858 0.003981325	-0.4768706 0.4252478 -0.7692586 0.07155318	0 0 0 1	
0.8575996 0.008661248 -0.5142451 0.04015601	0.2147681 0.9024813 0.373366 0.003924233	-0.4673304 0.430642 -0.7721074 0.07608293	0 0 0 1	
0.8757019 0.0165163 -0.4825695 0.04770727	0.1939015 0.9032612 0.382781 0.01035038	-0.4422085 0.428773 -0.7877851 0.06965106	0 0 0 1	
0.8796916 0.01960718 -0.4751402 0.05151265	0.192005 0.8994432 0.3926015 0.01037943	-0.4350594 0.4365976 -0.787468 0.0734572	0 0 0 1	
0.8833659 0.02226255 -0.4681551 0.05535617	0.1907634 0.8953101 0.4025285 0.01030057	-0.4281053 0.4448867 -0.7866395 0.07721302	0 0 0 1	
0.8872647 0.02363903 -0.4606544 0.05910442	0.1902308 0.8910459 0.4121281 0.01021346	-0.4202065 0.4532973 -0.7860967 0.0809578	0 0 0 1	
0.8915369 0.02400935 -0.4523113 0.0627594	0.1899264 0.8867505 0.4214281 0.01015044	-0.4112055 0.4616246 -0.7860107 0.08470087	0 0 0 1	
0.89588 0.02444868 -0.4436228 0.06643176	0.1892628 0.8823598 0.4308373 0.01007954	-0.4019683 0.4699398 -0.7858613 0.08838724	0 0 0 1	
0.9094343 0.02191924 -0.4152695 0.06729707	0.180149 0.8792741 0.4409346 0.01109929	-0.3748007 0.4758114 -0.7956934 0.08401205	0 0 0 1	
0.913821 0.02299221 -0.4054658 0.07083283	0.1782629 0.8743639 0.4513426 0.01098511	-0.364902 0.4847258 -0.7949135 0.08706596	0 0 0 1	
0.9182289 0.02288695 -0.3953882 0.07415687	0.1768785 0.8695372 0.4611062 0.01095822	-0.3543581 0.4933367 -0.794386 0.09009158	0 0 0 1	
0.9225875 0.0208951 -0.3852216 0.07716908	0.1765389 0.8649836 0.4697206 0.01116114	-0.3430252 0.501365 -0.7943342 0.0931122	0 0 0 1	
0.9271039 0.01791823 -0.3743759 0.07993664	0.176238 0.8607031 0.4776299 0.01151887	-0.3307848 0.5087918 -0.7948033 0.09617663	0 0 0 1	
0.9316095 0.01520582 -0.3631425 0.08262587	0.1752871 0.8564577 0.4855458 0.01187896	-0.3183993 0.5159932 -0.7952188 0.09927276	0 0 0 1	
0.9362772 0.009989105 -0.3511201 0.07944433	0.1746667 0.8540142 0.4900525 0.01037926	-0.3047568 0.5201539 -0.7978492 0.10486	0 0 0 1	
0.9401932 0.007552579 -0.340558 0.08188106	0.173648 0.8494744 0.4982364 0.01072362	-0.2930583 0.5275757 -0.7973586 0.107614	0 0 0 1	
0.943699 0.005833238 -0.3307539 0.08439391	0.1724635 0.8445382 0.5069632 0.01098823	-0.2822915 0.5354636 -0.7959838 0.1103753	0 0 0 1	
0.9471548 0.005006686 -0.3207379 0.08693801	0.170442 0.8391998 0.5164235 0.01108539	-0.2717487 0.5438002 -0.7939987 0.1132092	0 0 0 1	
0.9506801 0.004574902 -0.3101394 0.0894286	0.1676419 0.8336878 0.5261758 0.01105287	-0.2609667 0.5522172 -0.7918034 0.1161308	0 0 0 1	
0.9541197 0.003809862 -0.2994011 0.09180771	0.1647098 0.8283621 0.5354316 0.01103198	-0.2500525 0.5601801 -0.7897291 0.1190792	0 0 0 1	
0.9570946 0.002412923 -0.2897656 0.09360662	0.1622878 0.8239692 0.5428973 0.01028472	-0.2400679 0.5666295 -0.7882249 0.1211474	0 0 0 1	
0.9600226 0.001705617 -0.2799174 0.09592645	0.1591616 0.8192788 0.5508628 0.01030757	-0.23027 0.5733929 -0.7862547 0.1237516	0 0 0 1	
0.9631287 0.001071826 -0.2690388 0.09812984	0.1553087 0.8143334 0.5592319 0.01017024	-0.2196867 0.5803964 -0.7841415 0.1264508	0 0 0 1	
0.966375 0.0001608431 -0.2571369 0.1001568	0.1509202 0.8092859 0.5676966 0.00992663	-0.2081886 0.5874149 -0.7820494 0.1292493	0 0 0 1	
0.9694722 -0.00169865 -0.2451955 0.1019615	0.1470841 0.8041219 0.5759813 0.009708503	-0.1961887 0.5944622 -0.7798235 0.1321173	0 0 0 1	
0.9723102 -0.004610337 -0.2336483 0.1035428	0.1441824 0.798667 0.5842453 0.009547212	-0.1839136 0.6017557 -0.7772168 0.1350787	0 0 0 1	
0.9749122 -0.006399266 -0.2224976 0.1069209	0.1407362 0.792151 0.5938772 0.006676218	-0.1724513 0.6102916 -0.7731783 0.1386201	0 0 0 1	
0.9772016 -0.00815279 -0.2121568 0.10859	0.1373749 0.7861746 0.6025427 0.006219478	-0.1618799 0.6179507 -0.7693711 0.1416025	0 0 0 1	
0.9792864 -0.009197097 -0.2022711 0.110257	0.1335756 0.7800998 0.6112298 0.005706649	-0.1521701 0.6255875 -0.7651696 0.144576	0 0 0 1	
0.9810688 -0.009919845 -0.193405 0.1118962	0.1299882 0.7740154 0.6196799 0.005241008	-0.1435513 0.6330891 -0.7606519 0.1475196	0 0 0 1	
0.9824809 -0.0105881 -0.1860624 0.1135161	0.1271996 0.7677703 0.6279721 0.004865019	-0.1362042 0.6406376 -0.7556665 0.1504124	0 0 0 1	
0.9836854 -0.01145913 -0.1795321 0.1150488	0.1250849 0.7608155 0.6367995 0.004429121	-0.1292936 0.648867 -0.7498364 0.1534017	0 0 0 1	
0.9848636 -0.01217986 -0.1729025 0.1158067	0.1228403 0.7528085 0.6466759 0.003376582	-0.122286 0.658127 -0.7429098 0.1534685	0 0 0 1	
0.9858741 -0.01170873 -0.1670782 0.1174326	0.1201252 0.7445763 0.6566401 0.002624651	-0.1167141 0.6674347 -0.735465 0.156412	0 0 0 1	
0.9867868 -0.009598445 -0.1617396 0.1192724	0.1163571 0.7366513 0.6661876 0.0018667	-0.1127513 0.6762047 -0.7280346 0.15918	0 0 0 1	
0.9877045 -0.006228577 -0.1562086 0.1212245	0.1112969 0.7297153 0.6746322 0.001218201	-0.1097858 0.6837227 -0.7214363 0.1617714	0 0 0 1	
0.9885719 -0.002541337 -0.1507288 0.1231655	0.1058515 0.7236149 0.6820388 0.0007156441	-0.1073363 0.6901993 -0.7156144 0.1642227	0 0 0 1	
0.9893978 0.0001255386 -0.1452306 0.124858	0.1010018 0.717972 0.6887053 0.0003726119	-0.104358 0.696072 -0.7103472 0.1666888	0 0 0 1	
0.9902037 0.002254941 -0.1396123 0.125938	0.09636642 0.7125326 0.6949897 -0.0008080564	-0.1010455 0.7016353 -0.7053351 0.167889	0 0 0 1	
0.9908723 0.003722347 -0.1347523 0.1273288	0.09254845 0.7080281 0.7000936 -0.0008571977	-0.09801441 0.7061745 -0.7012209 0.1702346	0 0 0 1	
0.9914973 0.005764004 -0.1299997 0.1287597	0.08834715 0.7036668 0.7050162 -0.0010144	-0.0955402 0.7105067 -0.6971745 0.1724438	0 0 0 1	
0.9920655 0.007989824 -0.125468 0.130188	0.0841613 0.6991746 0.7099801 -0.001352331	-0.09339669 0.7149063 -0.6929546 0.1745418	0 0 0 1	
0.9925209 0.009095255 -0.1217358 0.1314213	0.08135501 0.6942101 0.71516 -0.001770687	-0.09101478 0.7197149 -0.6882781 0.176624	0 0 0 1	
0.9928934 0.008520875 -0.1187017 0.1323522	0.08021668 0.6888719 0.720431 -0.002178481	-0.08790897 0.7248331 -0.6832927 0.178746	0 0 0 1	
0.9932796 0.006976303 -0.1155288 0.1321058	0.07962635 0.6832193 0.7258589 -0.002721232	-0.0839953 0.73018 -0.6780723 0.1791009	0 0 0 1	
0.9936271 0.006020203 -0.1125561 0.1328526	0.07872014 0.6776353 0.7311727 -0.003339346	-0.08067383 0.7353735 -0.6728429 0.1809504	0 0 0 1	
0.9940154 0.00506366 -0.1091227 0.1335486	0.07737177 0.6725457 0.7360001 -0.003976671	-0.07711682 0.7400384 -0.668129 0.18267	0 0 0 1	
0.9943599 0.003878981 -0.1059879 0.1342078	0.07625 0.6684607 0.7398285 -0.004371014	-0.07371856 0.7437373 -0.6643947 0.1841745	0 0 0 1	
0.9946624 0.002613898 -0.1031497 0.1348532	0.07528819 0.6652073 0.7428533 -0.004540689	-0.07055771 0.7466542 -0.6614599 0.1854728	0 0 0 1	
0.995074 0.0009903945 -0.09912965 0.1349263	0.07359 0.662628 0.7453246 -0.004141839	-0.06642425 0.748948 -0.659291 0.1843363	0 0 0 1	
0.9954054 0.001246683 -0.09574166 0.1357127	0.0710241 0.6609863 0.7470292 -0.004139068	-0.06421523 0.7503969 -0.6578608 0.1850542	0 0 0 1	
0.9957139 0.002310328 -0.09245753 0.1366173	0.06794042 0.6600179 0.7481714 -0.00404653	-0.06275216 0.7512463 -0.6570321 0.1855262	0 0 0 1	
0.9960212 0.003187651 -0.08906011 0.137418	0.06487338 0.6592501 0.74912 -0.003919783	-0.06110082 0.751917 -0.6564202 0.1859368	0 0 0 1	
0.9963118 0.003575699 -0.08573239 0.138076	0.06215895 0.6587005 0.7498333 -0.003741747	-0.05915315 0.7523968 -0.6560488 0.186322	0 0 0 1	
0.9964888 0.004133992 -0.08362394 0.138806	0.06022213 0.6584874 0.7501785 -0.00344981	-0.05816654 0.7525804 -0.6559263 0.1864923	0 0 0 1	
0.9965774 0.004224943 -0.08255708 0.1383037	0.05940516 0.6578871 0.75077 -0.003907499	-0.05748521 0.7531047 -0.6553844 0.1844616	0 0 0 1	
0.9966358 0.005258016 -0.08178905 0.139021	0.05815093 0.6578652 0.7508875 -0.003755255	-0.05775435 0.7531174 -0.6553462 0.1841932	0 0 0 1	
0.9966146 0.00649811 -0.08195829 0.1397724	0.05742713 0.6583556 0.7505131 -0.003552683	-0.05883462 0.7526789 -0.6557536 0.1836602	0 0 0 1	
0.996505 0.008091241 -0.08314008 0.1405964	0.05715804 0.6597633 0.7492965 -0.003205784	-0.06091551 0.7514299 -0.6569949 0.1827829	0 0 0 1	
0.9963164 0.01027255 -0.08513543 0.1415156	0.05698694 0.6625502 0.7468466 -0.002626552	-0.06407851 0.7489471 -0.6595242 0.1815006	0 0 0 1	
0.9960803 0.01277267 -0.08752611 0.1424605	0.05673027 0.6669498 0.7429399 -0.001764209	-0.06786484 0.7449932 -0.663611 0.1798534	0 0 0 1	
0.9958875 0.01458166 -0.08941715 0.1425869	0.05638986 0.6727173 0.7377477 -0.0008954857	-0.07091006 0.7397559 -0.6691285 0.1770615	0 0 0 1	
0.9956475 0.01797916 -0.09144849 0.143584	0.05489684 0.6797982 0.7313418 0.0001814137	-0.07531544 0.7331789 -0.6758524 0.174798	0 0 0 1	
0.9953746 0.02181816 -0.09355926 0.1446772	0.05297893 0.6877382 0.7240231 0.00132149	-0.08014113 0.7256309 -0.6834012 0.1722615	0 0 0 1	
0.9950835 0.02584715 -0.09560718 0.1458083	0.05074896 0.695909 0.7163346 0.002412606	-0.08504911 0.7176647 -0.6911759 0.1695714	0 0 0 1	
0.994804 0.03017786 -0.09723296 0.1469674	0.04792834 0.7037863 0.7087932 0.003268294	-0.08982108 0.7097706 -0.698683 0.1668246	0 0 0 1	
0.9945384 0.03445314 -0.09852055 0.1481035	0.04485412 0.7112416 0.7015151 0.003915617	-0.09424131 0.7021028 -0.7058117 0.1640885	0 0 0 1	
0.9943223 0.03786524 -0.0994454 0.1490895	0.04210386 0.7182807 0.6944783 0.004465787	-0.0977263 0.6947224 -0.7126082 0.1614854	0 0 0 1	
0.9942182 0.03929944 -0.09992889 0.1481377	0.04049708 0.7246668 0.6879085 0.004096664	-0.09944957 0.687978 -0.7188854 0.1579615	0 0 0 1	
0.9941083 0.04183682 -0.09999224 0.1488671	0.03775536 0.7310824 0.6812437 0.004344407	-0.1016036 0.6810052 -0.7251955 0.1555536	0 0 0 1	
0.9940348 0.04375792 -0.09990058 0.1495109	0.03531918 0.7374692 0.6744567 0.004564774	-0.1031864 0.6739618 -0.7315245 0.1532149	0 0 0 1	
0.9939343 0.04571442 -0.1000243 0.1501594	0.03295368 0.7439207 0.667455 0.004729246	-0.1049224 0.6667026 -0.7379018 0.1508257	0 0 0 1	
0.9937387 0.04810651 -0.1008421 0.1508798	0.0307082 0.7502034 0.6604937 0.004756599	-0.1074262 0.6594548 -0.7440289 0.1482997	0 0 0 1	
0.9934341 0.05088592 -0.1024664 0.1516408	0.02867506 0.7562993 0.6535971 0.004619449	-0.1107542 0.6522439 -0.7498743 0.1456316	0 0 0 1	
0.9929736 0.05329945 -0.105653 0.1503789	0.02784914 0.7624921 0.6463979 0.004145864	-0.1150122 0.6447985 -0.7556502 0.1425714	0 0 0 1	
0.9922886 0.05657862 -0.1102824 0.1511168	0.02711146 0.7691221 0.6385265 0.003988952	-0.1209476 0.6365924 -0.7616572 0.1393259	0 0 0 1	
0.9914771 0.05974694 -0.1157736 0.1517542	0.02674686 0.7763655 0.6297151 0.003896045	-0.1275062 0.6274447 -0.7681506 0.1358352	0 0 0 1	
0.9905354 0.06248214 -0.1222115 0.1522288	0.02699978 0.784286 0.6198117 0.003893366	-0.1345759 0.6172451 -0.775176 0.1320965	0 0 0 1	
0.9895144 0.06417212 -0.1293954 0.1524258	0.02818046 0.7928824 0.6087227 0.00404568	-0.1416584 0.6059862 -0.7827602 0.128201	0 0 0 1	
0.9884843 0.06497104 -0.1366661 0.1523403	0.02976317 0.8020214 0.5965533 0.004292672	-0.1483678 0.5937511 -0.7908518 0.1242439	0 0 0 1	
0.987577 0.06479203 -0.1431563 0.1508858	0.03141076 0.8112481 0.5838578 0.004341862	-0.1539646 0.5811012 -0.7991347 0.1201241	0 0 0 1	
0.986648 0.06482176 -0.149412 0.1503513	0.03267186 0.8199608 0.5714866 0.0042777	-0.1595567 0.5687376 -0.8068948 0.1163812	0 0 0 1	
0.9856706 0.06449953 -0.1558632 0.149673	0.03440627 0.8277062 0.5601059 0.003983215	-0.1651355 0.5574425 -0.8136265 0.1127932	0 0 0 1	
0.9844742 0.06413075 -0.1633944 0.1489465	0.03682486 0.8346924 0.5494839 0.003546276	-0.1716229 0.5469698 -0.8193715 0.1092109	0 0 0 1	
0.9830204 0.06413645 -0.1719225 0.148219	0.03934387 0.8414673 0.5388738 0.003059821	-0.1792286 0.5364881 -0.8246561 0.1055367	0 0 0 1	
0.9814457 0.06445949 -0.1805803 0.1474444	0.04144651 0.8482106 0.5280349 0.002547339	-0.187207 0.525722 -0.8298011 0.1018639	0 0 0 1	
0.9800016 0.0643729 -0.1882898 0.1458437	0.04338678 0.8543397 0.5179008 0.002297828	-0.1942022 0.5157129 -0.8344613 0.09932606	0 0 0 1	
0.9786108 0.06448689 -0.1953521 0.1448344	0.04482958 0.8599295 0.5084404 0.001503344	-0.2007768 0.5063227 -0.8386453 0.09612212	0 0 0 1	
0.9771913 0.06459223 -0.2022992 0.1437565	0.04606277 0.8654696 0.4988393 0.0007002545	-0.2073049 0.4967799 -0.8427541 0.09297985	0 0 0 1	
0.9756951 0.06466975 -0.2093725 0.1426111	0.04713194 0.8711666 0.4887201 -2.316618E-05	-0.2140037 0.48671 -0.846945 0.08985008	0 0 0 1	
0.9741955 0.06493626 -0.216163 0.1414175	0.04772148 0.8768083 0.4784662 -0.0007719807	-0.2206033 0.4764352 -0.8510838 0.08680969	0 0 0 1	
0.9725175 0.06581102 -0.223335 0.1402608	0.04773217 0.8824923 0.4678984 -0.001534163	-0.2278843 0.4656997 -0.855098 0.08374612	0 0 0 1	
0.9707172 0.06706046 -0.2306752 0.1391138	0.04715394 0.8883735 0.4566936 -0.003510916	-0.2355518 0.4541976 -0.8591973 0.07821587	0 0 0 1	
0.9685416 0.06857517 -0.2392168 0.1379616	0.04670506 0.8941081 0.4454093 -0.004231121	-0.2444297 0.44257 -0.862778 0.07509565	0 0 0 1	
0.9662391 0.07022767 -0.2478913 0.1367888	0.04610144 0.8994819 0.4345192 -0.004968252	-0.253489 0.4312776 -0.865877 0.07212442	0 0 0 1	
0.9639912 0.07171561 -0.2560816 0.1355489	0.04552009 0.9042416 0.4245881 -0.005753717	-0.2620092 0.420956 -0.8684164 0.06944161	0 0 0 1	
0.961934 0.07257541 -0.2634687 0.1341883	0.04548862 0.9081197 0.4162325 -0.006584021	-0.2694693 0.412373 -0.8702499 0.06715003	0 0 0 1	
0.9602 0.07222351 -0.2698144 0.1326465	0.04668016 0.910911 0.4099539 -0.007451643	-0.2753852 0.4062327 -0.8712852 0.06533471	0 0 0 1	
0.9588308 0.07040627 -0.2751118 0.1315728	0.049383 0.9126787 0.4056832 -0.007134219	-0.2796513 0.4025674 -0.8716276 0.06602769	0 0 0 1	
0.9573011 0.06766447 -0.2810626 0.1298272	0.05327527 0.9142799 0.4015644 -0.007784866	-0.2841415 0.3993917 -0.8716363 0.06481927	0 0 0 1	
0.9556701 0.0649575 -0.287185 0.1281108	0.05732706 0.9156467 0.3978754 -0.008401992	-0.288805 0.3967011 -0.8713323 0.06367886	0 0 0 1	
0.9539412 0.0628954 -0.2933263 0.1264864	0.0608369 0.9168998 0.3944536 -0.009035861	-0.2937601 0.3941306 -0.8708422 0.06255775	0 0 0 1	
0.9521362 0.06125342 -0.2994739 0.1249632	0.06396586 0.9180989 0.3911557 -0.009640727	-0.2989063 0.3915896 -0.8702371 0.06145488	0 0 0 1	
0.9503121 0.06069817 -0.3053237 0.1235494	0.0659127 0.9193354 0.3879149 -0.01028677	-0.3042406 0.3887649 -0.8696548 0.06036494	0 0 0 1	
0.9483586 0.06112622 -0.3112549 0.1222671	0.06681026 0.9207516 0.3843865 -0.01092983	-0.3100845 0.3853312 -0.8691188 0.05922995	0 0 0 1	
0.9466036 0.06301618 -0.3161813 0.1216157	0.06576847 0.9223449 0.3807288 -0.01151783	-0.3156203 0.381194 -0.8689505 0.05774556	0 0 0 1	
0.9444414 0.06541402 -0.3221046 0.1205708	0.0644701 0.9240893 0.3766995 -0.01220373	-0.3222949 0.3765367 -0.868531 0.05651662	0 0 0 1	
0.9420993 0.06749596 -0.3284711 0.119551	0.0634365 0.9259747 0.3722186 -0.01277413	-0.3292792 0.3715039 -0.8680784 0.05526429	0 0 0 1	
0.939648 0.06958441 -0.334992 0.118526	0.06238224 0.9278446 0.367713 -0.01330457	-0.3364076 0.3664183 -0.8675065 0.05403346	0 0 0 1	
0.9370599 0.07175629 -0.341716 0.1175122	0.06125018 0.9297006 0.3631874 -0.01381931	-0.3437546 0.3612586 -0.8667901 0.05280973	0 0 0 1	
0.9345151 0.07482681 -0.347969 0.1175851	0.05891556 0.9316438 0.3585648 -0.01379573	-0.3510134 0.355585 -0.8662268 0.05190413	0 0 0 1	
0.931457 0.07746789 -0.3555089 0.1167162	0.05730189 0.9336464 0.3535829 -0.01427328	-0.3593109 0.3497186 -0.8652124 0.0505751	0 0 0 1	
0.9284825 0.0795781 -0.3627499 0.1157953	0.05625085 0.9353681 0.3491738 -0.01475894	-0.3670913 0.3446068 -0.8639966 0.04937228	0 0 0 1	
0.9256157 0.08086918 -0.369724 0.1147907	0.05611009 0.9367858 0.3453752 -0.01520997	-0.3742824 0.3404299 -0.8625661 0.04831296	0 0 0 1	
0.9226824 0.08161434 -0.376824 0.113723	0.05654966 0.9381245 0.3416497 -0.01559562	-0.3813913 0.3365434 -0.8609757 0.04730657	0 0 0 1	
0.9195162 0.08207344 -0.3843877 0.1126179	0.05717977 0.9396202 0.3374083 -0.01589547	-0.3888707 0.3322316 -0.8593031 0.04627833	0 0 0 1	
0.9159929 0.08318232 -0.3924765 0.1129908	0.05693167 0.9414193 0.3323981 -0.01625059	-0.3971346 0.3268187 -0.8575976 0.04393008	0 0 0 1	
0.9117281 0.08366454 -0.4021842 0.1119815	0.05743806 0.9434599 0.3264724 -0.0163532	-0.4067588 0.3207548 -0.8553734 0.04264007	0 0 0 1	
0.9072933 0.0839005 -0.4120431 0.1109597	0.05777376 0.9457275 0.3197839 -0.01638894	-0.4165106 0.3139431 -0.853205 0.04136029	0 0 0 1	
0.9023149 0.08434176 -0.4227461 0.1099836	0.05801959 0.947989 0.3129704 -0.01640609	-0.4271552 0.3069254 -0.8504912 0.03997687	0 0 0 1	
0.8970402 0.08505598 -0.4336869 0.1090409	0.05824709 0.949992 0.3067939 -0.01647286	-0.4380938 0.3004674 -0.8472267 0.03858598	0 0 0 1	
0.8920891 0.08585891 -0.4436274 0.1080659	0.05840936 0.9516333 0.3016328 -0.01661678	-0.4480684 0.2949953 -0.8439268 0.03737153	0 0 0 1	
0.8874282 0.08703662 -0.4526541 0.1070445	0.05822661 0.9529782 0.2973925 -0.01683625	-0.4572535 0.290271 -0.8406319 0.03630335	0 0 0 1	
0.8829086 0.08907674 -0.4610182 0.1062094	0.05705073 0.954215 0.2936304 -0.01754678	-0.4660662 0.2855502 -0.8374028 0.03336772	0 0 0 1	
0.8786221 0.09048887 -0.4688656 0.1050533	0.05688323 0.955056 0.2909166 -0.01779787	-0.4741176 0.2822764 -0.8339859 0.03242968	0 0 0 1	
0.8748879 0.09173833 -0.4755577 0.1037857	0.0568229 0.9556734 0.2888936 -0.01804439	-0.4809805 0.2797721 -0.8308944 0.03168264	0 0 0 1	
0.8716099 0.09289688 -0.4813174 0.1024145	0.05673818 0.9561615 0.2872907 -0.01825437	-0.4869056 0.2777145 -0.828129 0.03107176	0 0 0 1	
0.8689572 0.09381528 -0.4859137 0.1009292	0.05669568 0.9565312 0.286066 -0.01842279	-0.491629 0.2761283 -0.8258657 0.03061998	0 0 0 1	
0.8669699 0.09525634 -0.4891722 0.1006819	0.05555039 0.9569747 0.2848044 -0.01805711	-0.4952549 0.2740906 -0.8243767 0.02872851	0 0 0 1	
0.8647892 0.09572208 -0.4929268 0.09905641	0.05537991 0.9574917 0.2830949 -0.01807372	-0.4990717 0.2721156 -0.8227274 0.02834281	0 0 0 1	
0.8621937 0.09629229 -0.4973428 0.09737082	0.05531112 0.958004 0.2813699 -0.01806575	-0.5035502 0.270104 -0.8206589 0.0279262	0 0 0 1	
0.8589753 0.09727032 -0.5026928 0.09564564	0.05534042 0.9584001 0.2800119 -0.01809731	-0.5090176 0.2683425 -0.817859 0.02746636	0 0 0 1	
0.855034 0.09864882 -0.5091025 0.09388137	0.05541392 0.958737 0.2788418 -0.01817637	-0.5156028 0.2666306 -0.8142861 0.02695373	0 0 0 1	
0.85052 0.1002969 -0.5162908 0.09205928	0.0555395 0.9590322 0.2777996 -0.01829128	-0.523002 0.2649487 -0.8101056 0.02641967	0 0 0 1	
0.8455954 0.102887 -0.5238156 0.09270757	0.05471233 0.9593797 0.276762 -0.01716854	-0.5310132 0.2626878 -0.8056178 0.02403438	0 0 0 1	
0.8404042 0.1040634 -0.5318755 0.09074126	0.05541835 0.9597473 0.2753433 -0.01719333	-0.5391192 0.2608754 -0.8008087 0.02345353	0 0 0 1	
0.8348507 0.104451 -0.540476 0.08860223	0.05690836 0.9601959 0.273469 -0.01716285	-0.547527 0.2590634 -0.7956761 0.02292438	0 0 0 1	
0.8288673 0.1039645 -0.5497004 0.08629826	0.0595038 0.960624 0.2714052 -0.01707861	-0.5562719 0.2576681 -0.7900435 0.02246283	0 0 0 1	
0.8228123 0.1029299 -0.5589145 0.08384258	0.0630172 0.9608728 0.2697262 -0.01699101	-0.5648087 0.2571553 -0.7841316 0.0221548	0 0 0 1	
0.8169893 0.1014765 -0.567654 0.08124174	0.06734876 0.9608666 0.2686999 -0.01694085	-0.5727064 0.2577557 -0.7781834 0.02205981	0 0 0 1	
0.8107418 0.1000955 -0.5767831 0.08112463	0.0720515 0.9607204 0.2680018 -0.01636711	-0.580953 0.2588384 -0.7716841 0.02075887	0 0 0 1	
0.8036012 0.09690163 -0.5872267 0.07835293	0.07915249 0.9604921 0.266814 -0.01629178	-0.5898814 0.2608925 -0.7641826 0.0207941	0 0 0 1	
0.7954292 0.09350531 -0.5987898 0.07548828	0.08740212 0.9599984 0.2660151 -0.01626779	-0.599711 0.2639317 -0.7554381 0.02090681	0 0 0 1	
0.7868614 0.09044147 -0.6104665 0.07256158	0.09601051 0.959218 0.2658623 -0.01634011	-0.6096155 0.267808 -0.7460883 0.02116594	0 0 0 1	
0.7783687 0.08776379 -0.6216427 0.06957982	0.1045495 0.9582334 0.2661919 -0.01650753	-0.6190408 0.2721879 -0.7366832 0.02158277	0 0 0 1	
0.7707281 0.08501428 -0.6314671 0.06654292	0.1129149 0.9571486 0.2666774 -0.01675391	-0.6270792 0.2768378 -0.728102 0.02219582	0 0 0 1	
0.7637694 0.08306709 -0.6401219 0.06670398	0.1202747 0.9560035 0.2675655 -0.01679124	-0.6341847 0.2813489 -0.7201753 0.02296889	0 0 0 1	
0.7573423 0.08031452 -0.6480604 0.06375426	0.1273914 0.95517 0.2672482 -0.01705794	-0.6404718 0.2849557 -0.7131593 0.02370979	0 0 0 1	
0.7506696 0.07795969 -0.6560621 0.0608336	0.1337934 0.9545007 0.2665102 -0.01736778	-0.6469888 0.2878379 -0.7060841 0.02439074	0 0 0 1	
0.7438411 0.07583265 -0.6640406 0.0579499	0.1394954 0.9540464 0.2652101 -0.01772377	-0.6536372 0.2899048 -0.6990806 0.02502872	0 0 0 1	
0.7368845 0.07347034 -0.6720144 0.05508976	0.1450021 0.953762 0.2632726 -0.01809285	-0.6602846 0.291445 -0.6921591 0.02565961	0 0 0 1	
0.7301693 0.07096172 -0.6795714 0.05227257	0.1505074 0.9534584 0.2612749 -0.01849106	-0.6664837 0.2930554 -0.6855057 0.02633041	0 0 0 1	
0.7236608 0.06989466 -0.6866074 0.05251532	0.1551435 0.9529216 0.2605206 -0.01829962	-0.672492 0.2950512 -0.6787483 0.02658863	0 0 0 1	
0.7182387 0.06854939 -0.6924118 0.05004618	0.1593033 0.9525017 0.2595438 -0.01873857	-0.6773151 0.2967179 -0.6732034 0.0272191	0 0 0 1	
0.7136694 0.06727861 -0.6972443 0.04765277	0.1627241 0.9522237 0.2584395 -0.01917155	-0.68132 0.2978988 -0.6686251 0.02781095	0 0 0 1	
0.7096022 0.0657638 -0.7015268 0.04532445	0.1654213 0.9522581 0.2565938 -0.01953006	-0.6849092 0.2981269 -0.6648457 0.02831868	0 0 0 1	
0.7057431 0.06416614 -0.705556 0.04308749	0.1672663 0.9526449 0.2539481 -0.01981281	-0.6884392 0.2972379 -0.6615897 0.02871308	0 0 0 1	
0.7016597 0.06277097 -0.7097418 0.04097511	0.1683927 0.9532841 0.2507855 -0.02004738	-0.6923276 0.2954814 -0.6583109 0.02898075	0 0 0 1	
0.6972694 0.062539 -0.7140757 0.04142044	0.1690035 0.9537596 0.2485566 -0.02040209	-0.6966011 0.2939922 -0.6544582 0.02880713	0 0 0 1	
0.6935582 0.06212406 -0.7177169 0.03967081	0.1693 0.9543169 0.246205 -0.02056408	-0.7002246 0.292267 -0.6513566 0.0289977	0 0 0 1	
0.6902947 0.06203651 -0.7208639 0.03798822	0.1691357 0.9548767 0.2441386 -0.02067058	-0.7034816 0.2904513 -0.6486537 0.02916719	0 0 0 1	
0.68678 0.06207474 -0.7242099 0.03634706	0.1689789 0.9554138 0.2421375 -0.02070959	-0.7069508 0.2886714 -0.6456698 0.02929982	0 0 0 1	
0.6832609 0.06182477 -0.7275522 0.03470571	0.1694195 0.9557932 0.2403256 -0.02071911	-0.7102476 0.2874666 -0.6425818 0.02946813	0 0 0 1	
0.6798052 0.06105416 -0.7308469 0.03305106	0.170724 0.9559779 0.2386621 -0.02073099	-0.7132449 0.2870169 -0.6394553 0.02969428	0 0 0 1	
0.676195 0.06056263 -0.7342291 0.0347013	0.1727481 0.9557961 0.2379324 -0.02112547	-0.7161832 0.2877254 -0.6358425 0.02956249	0 0 0 1	
0.6731749 0.05878299 -0.7371432 0.03316469	0.1757275 0.9555642 0.2366789 -0.02111204	-0.7183004 0.2888626 -0.6329319 0.02993067	0 0 0 1	
0.6697435 0.05728445 -0.7403798 0.03164316	0.1790166 0.955161 0.23584 -0.02110729	-0.7206919 0.2904926 -0.629458 0.03030345	0 0 0 1	
0.6653088 0.05649815 -0.7444274 0.03014749	0.182144 0.9547167 0.2352435 -0.02107298	-0.7240081 0.2921025 -0.6248907 0.03061914	0 0 0 1	
0.660428 0.05635753 -0.7487715 0.02863622	0.184604 0.9543884 0.2346572 -0.02097264	-0.7278436 0.2932004 -0.6199011 0.03088897	0 0 0 1	
0.6556283 0.05628561 -0.752983 0.02705322	0.1863991 0.9542909 0.2336326 -0.02078999	-0.731715 0.2935315 -0.6151686 0.03114182	0 0 0 1	
0.6505935 0.05641598 -0.7573278 0.02794616	0.1880004 0.9542319 0.2325886 -0.02126066	-0.735788 0.2936985 -0.6102109 0.03110296	0 0 0 1	
0.64544 0.0554876 -0.7617929 0.02629481	0.1899957 0.954346 0.2304894 -0.0209799	-0.7398033 0.2935044 -0.6054307 0.03142298	0 0 0 1	
0.6404353 0.0541822 -0.7660985 0.02453286	0.192993 0.9541467 0.2288182 -0.02071632	-0.7433683 0.2943949 -0.6006124 0.03184798	0 0 0 1	
0.6359749 0.05257149 -0.769917 0.0226722	0.1968472 0.9536226 0.2277171 -0.02048888	-0.7461817 0.2963784 -0.5961315 0.03239102	0 0 0 1	
0.6316676 0.05087402 -0.7735682 0.0207586	0.2010963 0.9529358 0.2268781 -0.02028522	-0.7487031 0.2988732 -0.5917081 0.03298952	0 0 0 1	
0.6272709 0.04954771 -0.7772234 0.01882719	0.205169 0.9522077 0.2262879 -0.02009935	-0.7512901 0.301406 -0.5871266 0.03359169	0 0 0 1	
0.6222606 0.04924764 -0.7812597 0.01896908	0.20921 0.9512547 0.2265959 -0.0205589	-0.7543362 0.3044491 -0.5816252 0.03571871	0 0 0 1	
0.616962 0.04832817 -0.7855076 0.01707328	0.21286 0.9506634 0.2256761 -0.02037377	-0.7576599 0.3064368 -0.576236 0.03636315	0 0 0 1	
0.6111581 0.0469525 -0.7901147 0.01512485	0.2164207 0.9502857 0.2238733 -0.02018894	-0.761346 0.3078191 -0.5706133 0.03699372	0 0 0 1	
0.6050694 0.0452783 -0.7948843 0.01315517	0.2200858 0.9499668 0.2216425 -0.02003608	-0.7651493 0.3090518 -0.5648307 0.0376203	0 0 0 1	
0.599462 0.04329428 -0.7992314 0.0111735	0.2241861 0.9494859 0.2195839 -0.01994151	-0.7683657 0.3108088 -0.5594748 0.03827666	0 0 0 1	
0.5946941 0.0410142 -0.8029053 0.009209076	0.2285923 0.94885 0.2177827 -0.01989372	-0.7707688 0.3130521 -0.5548999 0.03894644	0 0 0 1	
0.5904999 0.03890403 -0.8060994 0.008978251	0.2333156 0.9479561 0.2166633 -0.02038267	-0.772576 0.3160152 -0.5506911 0.04038249	0 0 0 1	
0.5874494 0.03639906 -0.8084419 0.007350404	0.2372809 0.9473342 0.2150713 -0.02038812	-0.7736931 0.3181713 -0.5478742 0.04100417	0 0 0 1	
0.5851289 0.03459073 -0.8102022 0.005973289	0.2400885 0.9469101 0.2138195 -0.02039988	-0.7745848 0.3196322 -0.5457597 0.04150183	0 0 0 1	
0.5834476 0.03370885 -0.8114509 0.004884638	0.2417511 0.9466385 0.213148 -0.02041142	-0.7753356 0.3205298 -0.5441648 0.04185861	0 0 0 1	
0.5827589 0.03377955 -0.8119428 0.004078494	0.2423741 0.9464369 0.2133351 -0.02045395	-0.775659 0.3211168 -0.5433573 0.04207401	0 0 0 1	
0.5835721 0.03450155 -0.8113281 0.003518719	0.2419746 0.9463235 0.2142897 -0.02055713	-0.7751722 0.3213743 -0.5438995 0.04214978	0 0 0 1	
0.5857751 0.03579522 -0.8096828 0.00544581	0.2407075 0.9462633 0.2159762 -0.02100594	-0.773904 0.3214102 -0.5456814 0.04415518	0 0 0 1	
0.5889195 0.03649143 -0.8073675 0.005388282	0.2386844 0.9465674 0.216887 -0.0212208	-0.7721422 0.320435 -0.548742 0.04399306	0 0 0 1	
0.5925056 0.03734571 -0.8047003 0.005537424	0.2362461 0.9469471 0.2178967 -0.02150861	-0.7701461 0.3192123 -0.5522486 0.04369163	0 0 0 1	
0.5970496 0.03857518 -0.8012763 0.005858604	0.2330746 0.9474136 0.2192799 -0.02187265	-0.7675989 0.3176781 -0.556662 0.04326368	0 0 0 1	
0.6020124 0.03983604 -0.7974924 0.006333314	0.2293556 0.9480396 0.2204925 -0.02229967	-0.7648379 0.3156486 -0.561595 0.04269872	0 0 0 1	
0.6071718 0.04078311 -0.7935233 0.006932978	0.2252733 0.948868 0.221137 -0.02277894	-0.7619675 0.3130277 -0.5669385 0.04200009	0 0 0 1	
0.6127731 0.04166678 -0.7891597 0.009321636	0.2208464 0.9497926 0.2216326 -0.02395671	-0.7587727 0.3100936 -0.5728054 0.04197973	0 0 0 1	
0.6191621 0.04206185 -0.7841359 0.01021432	0.2158708 0.9509748 0.2214651 -0.02456054	-0.7550087 0.3063948 -0.5797276 0.04112256	0 0 0 1	
0.6265134 0.04199719 -0.7782784 0.01118341	0.2107201 0.9522342 0.2210137 -0.02522711	-0.7503852 0.3024669 -0.5877379 0.04017998	0 0 0 1	
0.6345224 0.04123649 -0.7718036 0.01221979	0.2058838 0.9534784 0.2202063 -0.02596958	-0.7449786 0.2986277 -0.5965135 0.03915916	0 0 0 1	
0.6431625 0.03985783 -0.7646916 0.01331423	0.2013035 0.9547165 0.2190737 -0.0267712	-0.7387955 0.294835 -0.6060144 0.03806452	0 0 0 1	
0.6525164 0.03824317 -0.756809 0.01447394	0.1965487 0.9560041 0.2177721 -0.02760057	-0.7318408 0.2908497 -0.6162918 0.0369057	0 0 0 1	
0.6623045 0.0367441 -0.7483332 0.01671318	0.1915482 0.9572999 0.2165323 -0.02914144	-0.7243356 0.2867522 -0.6269857 0.03642631	0 0 0 1	
0.6721057 0.03540543 -0.7396083 0.01812493	0.1857922 0.9588379 0.2147353 -0.03003776	-0.7167673 0.2817383 -0.6378623 0.0352162	0 0 0 1	
0.6818734 0.0338385 -0.730687 0.01963935	0.1804467 0.9602752 0.2128628 -0.03097392	-0.7088636 0.2769956 -0.6486801 0.0340023	0 0 0 1	
0.6921161 0.03192894 -0.7210796 0.02122318	0.1759132 0.9614346 0.2114191 -0.03194388	-0.7000213 0.273174 -0.6598077 0.03285054	0 0 0 1	
0.7031083 0.02989175 -0.7104542 0.02288062	0.1719255 0.9623272 0.210637 -0.03293386	-0.6899857 0.2702459 -0.6714811 0.03179185	0 0 0 1	
0.7143034 0.02803805 -0.6992744 0.02465027	0.1682559 0.9630089 0.2104848 -0.03394404	-0.679309 0.268007 -0.6831629 0.03081149	0 0 0 1	
0.7252715 0.02660197 -0.6879488 0.02712699	0.1647564 0.9635115 0.2109523 -0.03508533	-0.6684583 0.2663416 -0.6944246 0.03039089	0 0 0 1	
0.7355637 0.02540635 -0.6769789 0.02913238	0.1614375 0.9639348 0.2115836 -0.03608482	-0.6579392 0.264923 -0.7049339 0.02954546	0 0 0 1	
0.7452681 0.02442952 -0.6663173 0.03124147	0.158519 0.964184 0.2126521 -0.03707723	-0.6476474 0.2641068 -0.7147031 0.02877083	0 0 0 1	
0.7544629 0.02354515 -0.6559203 0.03343467	0.1561635 0.9642176 0.2142367 -0.03807233	-0.6374941 0.2640645 -0.7237896 0.02807768	0 0 0 1	
0.7631365 0.02280632 -0.6458347 0.03569767	0.153985 0.9641744 0.2160008 -0.03904086	-0.6276235 0.264287 -0.7322848 0.02746126	0 0 0 1	
0.7708584 0.02239479 -0.6366127 0.03803248	0.1517302 0.9641625 0.2176436 -0.03995578	-0.6186722 0.2643658 -0.7398348 0.02687674	0 0 0 1	
0.7777411 0.02257548 -0.6281792 0.04043671	0.149136 0.9641931 0.2192946 -0.04083353	-0.6106367 0.2642386 -0.7465258 0.02630949	0 0 0 1	
0.78413 0.02315716 -0.6201645 0.04278316	0.1463886 0.9642028 0.221096 -0.04211828	-0.6030843 0.2641529 -0.7526703 0.02479541	0 0 0 1	
0.7904181 0.02381409 -0.6121046 0.04524627	0.1436228 0.9641863 0.2229738 -0.04294339	-0.5954928 0.2641548 -0.7586901 0.02431003	0 0 0 1	
0.796874 0.02432899 -0.6036555 0.0476938	0.1413098 0.963966 0.225391 -0.04374481	-0.5873868 0.2649107 -0.7647215 0.02389307	0 0 0 1	
0.8035192 0.0246377 -0.5947688 0.05012102	0.1394329 0.9635582 0.2282852 -0.04453014	-0.5787187 0.2663619 -0.7708022 0.02354864	0 0 0 1	
0.8103811 0.02431609 -0.5853984 0.05249172	0.1381834 0.9630209 0.2312923 -0.0452721	-0.569375 0.2683272 -0.7770538 0.02330008	0 0 0 1	
0.8175561 0.02338158 -0.5753741 0.05442915	0.137534 0.9623305 0.2345302 -0.04635241	-0.5591837 0.270875 -0.7835435 0.02510985	0 0 0 1	
0.8244641 0.02233961 -0.5654733 0.05663044	0.1363844 0.9619256 0.2368513 -0.04696909	-0.5492343 0.2723971 -0.7900263 0.02511977	0 0 0 1	
0.8305856 0.021827 -0.5564632 0.0588206	0.1348296 0.9616212 0.2389679 -0.04755208	-0.5403227 0.2735109 -0.7957658 0.02512369	0 0 0 1	
0.8361484 0.02217292 -0.5480549 0.06099353	0.1326731 0.9613367 0.2413081 -0.04815756	-0.5322158 0.2744815 -0.8008784 0.02514154	0 0 0 1	
0.8413294 0.0232717 -0.5400215 0.06311943	0.1297499 0.9611665 0.2435651 -0.04878832	-0.5247188 0.2749862 -0.8056381 0.0251927	0 0 0 1	
0.8458062 0.02460367 -0.5329226 0.06517327	0.1264783 0.9612095 0.2451114 -0.04938847	-0.5182808 0.2747199 -0.8098851 0.02523491	0 0 0 1	
0.8495967 0.02585704 -0.5267987 0.06730765	0.1234263 0.9613175 0.246241 -0.05032004	-0.5127879 0.2742264 -0.8135407 0.02548138	0 0 0 1	
0.8529416 0.02703119 -0.521306 0.06918769	0.1206141 0.961429 0.2471972 -0.0508949	-0.5078807 0.2737216 -0.8167825 0.02553806	0 0 0 1	
0.8559578 0.02817222 -0.5162776 0.07098046	0.1179677 0.961537 0.2480527 -0.05147063	-0.5034082 0.2732268 -0.8197117 0.02560084	0 0 0 1	
0.8586354 0.0292987 -0.5117489 0.07269417	0.1154507 0.9616585 0.2487653 -0.05204389	-0.4994161 0.2726804 -0.8223314 0.02564105	0 0 0 1	
0.8612713 0.03011332 -0.5072523 0.07430869	0.113385 0.9616856 0.2496091 -0.05261889	-0.4953338 0.272496 -0.8248578 0.0257016	0 0 0 1	
0.864084 0.03044667 -0.5024259 0.07580974	0.1117916 0.9616311 0.250536 -0.0531764	-0.4907764 0.2726511 -0.8275264 0.02581337	0 0 0 1	
0.8669702 0.03059343 -0.4974202 0.07717204	0.1102843 0.9615901 0.25136 -0.05363553	-0.4860043 0.2727792 -0.8302959 0.02678207	0 0 0 1	
0.869716 0.03075029 -0.4925935 0.07847551	0.1083309 0.9618253 0.2513097 -0.0540855	-0.4815168 0.2719312 -0.8331837 0.02690949	0 0 0 1	
0.8721265 0.03105497 -0.488294 0.07972983	0.1060401 0.9622672 0.2505941 -0.05449436	-0.4776514 0.2703285 -0.8359256 0.02696812	0 0 0 1	
0.8740985 0.03173946 -0.4847105 0.08095667	0.1033322 0.9628735 0.2493934 -0.05487746	-0.4746306 0.2680806 -0.8383666 0.02693501	0 0 0 1	
0.8757119 0.03288352 -0.4817129 0.08216361	0.1003075 0.9635211 0.2481238 -0.05525796	-0.4722997 0.2656044 -0.8404685 0.02682597	0 0 0 1	
0.8773006 0.03443849 -0.4787042 0.08334284	0.09693407 0.9641526 0.2470091 -0.05566394	-0.4700505 0.263104 -0.8425134 0.0267065	0 0 0 1	
0.8788865 0.03601644 -0.4756693 0.08403346	0.09355325 0.9647682 0.2459066 -0.05553034	-0.4677673 0.2606244 -0.8445523 0.02784598	0 0 0 1	
0.8806792 0.03732324 -0.4722404 0.08509946	0.0905172 0.9652644 0.2450942 -0.05587332	-0.4649847 0.2585953 -0.84671 0.02782345	0 0 0 1	
0.8825569 0.03830986 -0.4686423 0.08610426	0.08807483 0.965566 0.2447959 -0.05620266	-0.4618832 0.2573219 -0.8487929 0.02786065	0 0 0 1	
0.8843373 0.03914819 -0.4652043 0.0870757	0.08610683 0.9657038 0.2449527 -0.05655038	-0.458839 0.256678 -0.850637 0.02791802	0 0 0 1	
