-1.192093E-07 1 0 0	-1 -1.192093E-07 0 0	0 0 -1 0	0 0 0 1	
0.05664057 -0.05821516 0.9966959 0	-0.4047688 0.9112364 0.07622597 0	0.9126632 0.407749 -0.02804929 0	0 0 0 1	
0.06946713 -0.05564895 0.9960309 0	-0.3950215 0.9152957 0.07868859 0	0.9160417 0.3989199 -0.04160041 0	0 0 0 1	
0.08090621 -0.05314766 0.9953037 0	-0.3873035 0.9184289 0.08052579 0	0.9183955 0.3919996 -0.05372232 0	0 0 0 1	
0.09316319 -0.04996282 0.9943964 0	-0.3796845 0.9214861 0.08187145 0	0.9204131 0.3851843 -0.0668785 0	0 0 0 1	
0.111301 -0.04448433 0.9927908 0	-0.3695735 0.925496 0.0829017 0	0.9225116 0.3761361 -0.08656842 0	0 0 0 1	
0.1264072 -0.03998193 0.9911724 0	-0.3610032 0.9288182 0.08350657 0	0.9239578 0.3683723 -0.1029757 0	0 0 0 1	
0.1413608 -0.03637707 0.9892896 0	-0.3512847 0.9324493 0.08448254 0	0.9255357 0.3594648 -0.119033 0	0 0 0 1	
0.1591471 -0.03386219 0.986674 0	-0.3376534 0.9372756 0.08662917 0	0.9277189 0.3469406 -0.137731 0	0 0 0 1	
0.1711863 -0.03277013 0.9846935 0	-0.3271483 0.9408493 0.08818489 0	0.9293381 0.3372369 -0.1503398 0	0 0 0 1	
0.1841283 -0.0310531 0.9824117 0	-0.3163438 0.9444469 0.08914378 0	0.9306039 0.3271937 -0.164076 0	0 0 0 1	
0.203387 -0.02810588 0.978695 0	-0.3021391 0.9490018 0.09004205 0	0.9313141 0.3140154 -0.1845227 0	0 0 0 1	
0.2179323 -0.02683242 0.9755949 0	-0.29162 0.9521641 0.09133122 0	0.9313771 0.304407 -0.1996824 0	0 0 0 1	
0.2351329 -0.02723385 0.9715816 0	-0.2773913 0.9561541 0.09393302 0	0.93154 0.291595 -0.2172688 0	0 0 0 1	
0.2473109 -0.02768129 0.9685408 0	-0.2668821 0.9589803 0.09555478 0	0.9314567 0.2821179 -0.2297786 0	0 0 0 1	
0.2605624 -0.02708322 0.9650771 0	-0.2562536 0.9618129 0.09617788 0	0.9308284 0.2723648 -0.2436721 0	0 0 0 1	
0.2746221 -0.02546782 0.9612151 0	-0.2457007 0.9646047 0.09575512 0	0.9296312 0.2624676 -0.2586443 0	0 0 0 1	
0.2929857 -0.02239428 0.9558545 0	-0.2336392 0.967741 0.09428716 0	0.9271311 0.2509499 -0.2783021 0	0 0 0 1	
0.3051674 -0.01978778 0.9520931 0	-0.2263841 0.9696156 0.09271319 0	0.924999 0.2438318 -0.2914155 0	0 0 0 1	
0.3192894 -0.01562725 0.9475284 0	-0.2169648 0.9721007 0.08914333 0	0.9224861 0.2340429 -0.3069909 0	0 0 0 1	
0.328146 -0.01573143 0.944496 0	-0.2103867 0.9735303 0.08930963 0	0.9209005 0.228016 -0.3161504 0	0 0 0 1	
0.3355298 -0.01188959 0.9419546 0	-0.2044246 0.9751739 0.08512615 0	0.9195817 0.221121 -0.3247694 0	0 0 0 1	
0.3430833 -0.0646795 0.9370755 0	-0.2190384 0.9646136 0.1467749 0	0.913409 0.2556115 -0.3167754 0	0 0 0 1	
0.3524938 -0.0864809 0.9318097 0	-0.2222667 0.9594911 0.1731312 0	0.9090356 0.2681379 -0.3189929 0	0 0 0 1	
0.3589209 -0.09106495 0.9289149 0	-0.2218515 0.9583836 0.1796744 0	0.9066188 0.2705701 -0.323781 0	0 0 0 1	
0.3668588 -0.09547295 0.9253646 0	-0.22387 0.9564267 0.1874305 0	0.9029379 0.2759219 -0.3295 0	0 0 0 1	
0.3719711 -0.09740575 0.9231195 0	-0.2198114 0.9569505 0.1895486 0	0.9018428 0.2734188 -0.334547 0	0 0 0 1	
0.3757976 -0.1021567 0.9210538 0	-0.210015 0.9586573 0.1920152 0	0.9025906 0.2655939 -0.3388067 0	0 0 0 1	
0.3830176 -0.09155495 0.9191927 0	-0.2071223 0.9612279 0.1820474 0	0.900221 0.2601127 -0.3492041 0	0 0 0 1	
0.8063118 -0.09407619 -0.5839614 0	0.2042492 0.9708254 0.1256195 0	-0.5551068 0.2205622 -0.802003 0	0 0 0 1	
0.8035111 -0.08116899 -0.58973 0	0.1850382 0.9756417 0.1178308 0	-0.565801 0.2038009 -0.7989584 0	0 0 0 1	
0.8226298 -0.07273382 -0.5639061 0	0.1687976 0.9783115 0.1200584 0	-0.5429435 0.1939496 -0.8170655 0	0 0 0 1	
0.8308917 -0.07809845 -0.5509261 0	0.1669917 0.9794608 0.1130055 0	-0.530785 0.1858954 -0.8268677 0	0 0 0 1	
0.8366147 -0.07941761 -0.5420043 0	0.1608083 0.9814476 0.1044095 0	-0.5236568 0.1745093 -0.8338645 0	0 0 0 1	
0.8469629 -0.07270263 -0.5266575 0	0.1470534 0.983994 0.1006533 0	-0.5109101 0.1626964 -0.8440976 0	0 0 0 1	
0.8573517 -0.07436517 -0.5093309 0	0.1438092 0.9847112 0.09829934 0	-0.4942338 0.1575236 -0.8549382 0	0 0 0 1	
0.8607321 -0.0753996 -0.5034434 0	0.1433687 0.9848432 0.09761818 0	-0.4884524 0.1562011 -0.8584961 0	0 0 0 1	
0.8639508 -0.0772312 -0.4976186 0	0.1432211 0.9850456 0.09577565 0	-0.4827801 0.1540149 -0.8620921 0	0 0 0 1	
0.8692037 -0.07833988 -0.4882087 0	0.1412069 0.9855782 0.09325412 0	-0.4738624 0.1499953 -0.8677303 0	0 0 0 1	
0.8728782 -0.07856937 -0.4815709 0	0.1396843 0.9858813 0.09233799 0	-0.4675168 0.1478677 -0.8715292 0	0 0 0 1	
0.8779428 -0.08097458 -0.4718681 0	0.1398631 0.9859779 0.09102676 0	-0.4578807 0.1459132 -0.8769576 0	0 0 0 1	
0.8820921 -0.08529273 -0.4632913 0	0.1424752 0.9857167 0.08979619 0	-0.449015 0.145216 -0.881645 0	0 0 0 1	
0.8871988 -0.08955106 -0.4526134 0	0.1455508 0.9852142 0.0903763 0	-0.4378279 0.14606 -0.8871151 0	0 0 0 1	
0.8925958 -0.09448518 -0.4408461 0	0.1489383 0.9846953 0.09051358 0	-0.4255469 0.1464509 -0.8930073 0	0 0 0 1	
0.8995662 -0.09839191 -0.4255582 0	0.1513883 0.9841394 0.09247246 0	-0.40971 0.1476096 -0.9001939 0	0 0 0 1	
0.9049987 -0.09842849 -0.413871 0	0.15064 0.9839761 0.09538648 0	-0.3978505 0.1486702 -0.9053243 0	0 0 0 1	
0.9084331 -0.09777304 -0.4064355 0	0.1496742 0.9838811 0.09785551 0	-0.3903166 0.1497281 -0.9084241 0	0 0 0 1	
0.9131854 -0.09689128 -0.3958594 0	0.1485007 0.983658 0.1018059 0	-0.3795261 0.151753 -0.9126505 0	0 0 0 1	
0.9165548 -0.097499 -0.3878418 0	0.1488258 0.9833251 0.1045112 0	-0.3711848 0.1535111 -0.9157817 0	0 0 0 1	
0.9222003 -0.1014822 -0.3731594 0	0.151711 0.9825373 0.1077231 0	-0.355711 0.1559547 -0.9214922 0	0 0 0 1	
0.9263431 -0.1061253 -0.361422 0	0.1551823 0.981804 0.1094504 0	-0.3432301 0.1574749 -0.9259561 0	0 0 0 1	
0.9307714 -0.1116399 -0.3481396 0	0.1591863 0.9809869 0.1110152 0	-0.3291266 0.1587489 -0.9308461 0	0 0 0 1	
0.9370837 -0.118126 -0.3285123 0	0.1635231 0.9799199 0.1140927 0	-0.3084385 0.1606338 -0.9375833 0	0 0 0 1	
0.9429407 -0.1223838 -0.3096533 0	0.1657776 0.9790959 0.117851 0	-0.2887572 0.1624601 -0.9435179 0	0 0 0 1	
0.9467354 -0.1261897 -0.296257 0	0.1681819 0.9783345 0.1207331 0	-0.2746032 0.1641273 -0.9474467 0	0 0 0 1	
0.9524949 -0.1304148 -0.2752189 0	0.1700866 0.9774055 0.1254945 0	-0.2526342 0.1663439 -0.9531556 0	0 0 0 1	
0.956834 -0.1326924 -0.2585757 0	0.1704282 0.9768405 0.1293709 0	-0.2354207 0.167855 -0.9572888 0	0 0 0 1	
0.9614444 -0.1340281 -0.2401275 0	0.1694345 0.9764749 0.133374 0	-0.2166027 0.1689176 -0.9615353 0	0 0 0 1	
0.9679842 -0.133763 -0.2124007 0	0.1654459 0.9763576 0.139117 0	-0.1887703 0.1698038 -0.9672292 0	0 0 0 1	
0.9734632 -0.1326495 -0.1864767 0	0.1607378 0.9763511 0.1445746 0	-0.162889 0.1707119 -0.9717637 0	0 0 0 1	
0.9771726 -0.1320809 -0.1663984 0	0.1574044 0.9761487 0.1495245 0	-0.1426802 0.1723031 -0.9746559 0	0 0 0 1	
0.980683 -0.1327727 -0.1436392 0	0.154872 0.9756086 0.1555718 0	-0.1194799 0.1748123 -0.9773256 0	0 0 0 1	
0.9847608 -0.1353323 -0.109231 0	0.152245 0.9744248 0.1652806 0	-0.08406961 0.1793918 -0.980179 0	0 0 0 1	
0.986863 -0.1375865 -0.0846838 0	0.150556 0.9733217 0.1731405 0	-0.05860279 0.1836156 -0.9812497 0	0 0 0 1	
0.988867 -0.1403122 -0.04954267 0	0.147157 0.9715087 0.1857837 0	-0.02206342 0.191006 -0.9813409 0	0 0 0 1	
0.9897442 -0.1421974 -0.01365084 0	0.1420785 0.96996 0.1974623 0	0.01483786 0.1973767 -0.9802154 0	0 0 0 1	
0.9892759 -0.1440682 0.02403119 0	0.1359331 0.96834 0.2093795 0	0.05343528 0.2038675 -0.9775391 0	0 0 0 1	
0.9860771 -0.1471026 0.07754251 0	0.1264517 0.9661595 0.2248241 0	0.1079906 0.2118885 -0.9713091 0	0 0 0 1	
0.9799148 -0.1505319 0.1307944 -7.788181E-09	0.1161994 0.9640511 0.2389628 -1.755958E-09	0.162064 0.2189649 -0.9621797 2.376928E-09	0 0 0 1	
0.972765 -0.1533125 0.1738494 0.007654932	0.1067696 0.9620794 0.2510049 0.006185009	0.2057391 0.225607 -0.9522462 0.002450837	0 0 0 1	
0.9632784 -0.1564682 0.2182027 0.01532266	0.09654874 0.9601504 0.2622778 0.01252705	0.2505455 0.2315793 -0.9399989 0.005354379	0 0 0 1	
0.9518893 -0.1598881 0.2614239 0.02297162	0.08610845 0.9582798 0.272553 0.01896801	0.2940953 0.2369295 -0.9259441 0.008663684	0 0 0 1	
0.9386011 -0.1639994 0.3035327 0.03055757	0.07569589 0.9562488 0.2825923 0.02549149	0.3365977 0.2422653 -0.9099503 0.01245957	0 0 0 1	
0.9116563 -0.1604245 0.3783475 0.06181888	0.04548888 0.9543931 0.295067 0.02379334	0.4084283 0.251789 -0.877376 0.0260257	0 0 0 1	
0.8934681 -0.16628 0.4172117 0.06960494	0.03439733 0.951546 0.3055767 0.02996356	0.4478074 0.258672 -0.8558956 0.03244865	0 0 0 1	
0.874508 -0.1718526 0.4535444 0.07729409	0.0228121 0.9486607 0.3154717 0.03618961	0.4844744 0.2655362 -0.8335317 0.03931243	0 0 0 1	
0.8544647 -0.1765574 0.4885873 0.08500408	0.009879544 0.9458305 0.3245104 0.04236684	0.5194156 0.2724557 -0.8099231 0.04671889	0 0 0 1	
0.8327489 -0.1807712 0.5233078 0.09271195	-0.004408017 0.9429998 0.3327639 0.04848861	0.5536333 0.2794155 -0.7844853 0.05480829	0 0 0 1	
0.8092827 -0.1847418 0.5576128 0.1003814	-0.01974811 0.9401653 0.3401458 0.05456521	0.5870874 0.2862859 -0.7572112 0.0635778	0 0 0 1	
0.7615189 -0.1754892 0.6239331 0.128966	-0.06051997 0.9391894 0.3380245 0.06444459	0.6453111 0.2951725 -0.7045899 0.08837228	0 0 0 1	
0.7338922 -0.1788382 0.6553009 0.1367998	-0.07655436 0.9367964 0.3413969 0.07035634	0.6749383 0.3007147 -0.6738167 0.09973005	0 0 0 1	
0.7047381 -0.1805914 0.6860983 0.1446471	-0.09422611 0.934669 0.342805 0.07612637	0.7031825 0.3062361 -0.6416805 0.1117361	0 0 0 1	
0.6734997 -0.1810727 0.7166665 0.1524377	-0.1138606 0.9325489 0.3426199 0.08162976	0.7303657 0.3123545 -0.6074544 0.124623	0 0 0 1	
0.6398092 -0.1816318 0.7467624 0.1598755	-0.1342911 0.9303007 0.3413306 0.08704603	0.7567101 0.3186699 -0.5708234 0.138473	0 0 0 1	
0.603991 -0.1826646 0.7757761 0.1667798	-0.155292 0.9277518 0.3393536 0.09237783	0.7817156 0.3254384 -0.5319875 0.1532767	0 0 0 1	
0.5419958 -0.1767232 0.8215898 0.2055955	-0.1960516 0.9240744 0.3281012 0.07437991	0.8171931 0.3389034 -0.4661975 0.1868379	0 0 0 1	
0.5069463 -0.1777666 0.8434479 0.211803	-0.2168435 0.9207343 0.3243873 0.07838807	0.8342568 0.3473432 -0.4282154 0.2037217	0 0 0 1	
0.4726583 -0.1800754 0.8626512 0.2175446	-0.2373205 0.916725 0.3213943 0.08236326	0.8486891 0.3566345 -0.3905621 0.2209898	0 0 0 1	
0.4367117 -0.1833623 0.8807163 0.222499	-0.258512 0.9121352 0.3180893 0.0857822	0.8616579 0.3665891 -0.3509387 0.2392632	0 0 0 1	
0.4003258 -0.1850127 0.8975019 0.227386	-0.2805849 0.9076184 0.3122515 0.08825424	0.8723598 0.3768279 -0.3114313 0.2578913	0 0 0 1	
0.3669404 -0.1816663 0.9123334 0.2336505	-0.3027262 0.9040413 0.3017717 0.08971616	0.8796088 0.3869195 -0.2767342 0.275457	0 0 0 1	
0.3061581 -0.1730729 0.9361159 0.251166	-0.3332832 0.9016176 0.2756955 0.07861015	0.891734 0.3963981 -0.2183552 0.292062	0 0 0 1	
0.2794574 -0.160721 0.946611 0.2605295	-0.3518252 0.9001792 0.256703 0.07859869	0.8933771 0.4047791 -0.195016 0.3064513	0 0 0 1	
0.2532532 -0.1483982 0.9559501 0.269962	-0.3696414 0.8983402 0.2373816 0.07818706	0.8939955 0.4134764 -0.1726534 0.3205808	0 0 0 1	
0.2259609 -0.1377414 0.964349 0.2786396	-0.387202 0.8956906 0.2186617 0.07725835	0.8938771 0.4228069 -0.1490573 0.3351191	0 0 0 1	
0.1980679 -0.1278504 0.9718145 0.2866954	-0.4036581 0.8928424 0.1997315 0.07597396	0.8932129 0.4318412 -0.1252356 0.3496856	0 0 0 1	
0.1723282 -0.1164264 0.9781349 0.2953249	-0.4179347 0.8905408 0.1796321 0.07455632	0.891983 0.4397522 -0.1048067 0.3630758	0 0 0 1	
0.1563113 -0.09582783 0.9830483 0.3223644	-0.4253246 0.8917461 0.1545572 0.07692076	0.8914403 0.4422736 -0.0986321 0.3764103	0 0 0 1	
0.1343158 -0.08355191 0.9874099 0.3326913	-0.4352417 0.8902055 0.134532 0.07564369	0.8902381 0.4478317 -0.08320338 0.3878778	0 0 0 1	
0.1103433 -0.07489929 0.9910673 0.3411043	-0.4440873 0.8883666 0.1165815 0.07452869	0.889163 0.4529844 -0.06476349 0.4004102	0 0 0 1	
0.08612442 -0.06874838 0.9939095 0.3482783	-0.4519631 0.8863603 0.1004728 0.07360801	0.8878693 0.4578636 -0.04526556 0.4134276	0 0 0 1	
0.06538463 -0.06143925 0.9959669 0.3564235	-0.4583077 0.8847518 0.08466625 0.07280234	0.8863853 0.4619951 -0.0296911 0.4250995	0 0 0 1	
0.04273832 -0.05372879 0.9976406 0.3614016	-0.4641733 0.8831726 0.06744893 0.07215309	0.8847128 0.4659607 -0.01280588 0.4178361	0 0 0 1	
0.02476567 -0.04359964 0.9987421 0.3707932	-0.4694441 0.8815383 0.05012392 0.07028291	0.8826149 0.4700949 -0.00136435 0.4279868	0 0 0 1	
0.005031109 -0.03416227 0.9994037 0.3791143	-0.4750512 0.8793596 0.03245035 0.06748344	0.8799438 0.4749312 0.0118047 0.4391086	0 0 0 1	
-0.01356947 -0.0252042 0.9995903 0.387253	-0.4795399 0.8773812 0.01561297 0.06490153	0.8774152 0.4791315 0.02399206 0.4500397	0 0 0 1	
-0.02995348 -0.01699468 0.9994069 0.3955255	-0.4824954 0.8758984 0.0004335046 0.06316887	0.8753863 0.4821962 0.03443611 0.4604624	0 0 0 1	
-0.04746437 -0.01066802 0.998816 0.4024245	-0.4848835 0.8744714 -0.01370199 0.06172641	0.8732899 0.4849597 0.0466789 0.4719735	0 0 0 1	
-0.07875407 -0.01514569 0.9967791 0.3964307	-0.4854134 0.8739251 -0.0250728 0.0777038	0.8707305 0.4858245 0.07617712 0.4535433	0 0 0 1	
-0.09727108 -0.01726808 0.9951081 0.3990333	-0.4887902 0.8717902 -0.03265074 0.07871598	0.8669617 0.4895751 0.09324038 0.4672844	0 0 0 1	
-0.09920669 -0.0155094 0.994946 0.4078451	-0.491541 0.8701327 -0.03544809 0.08192727	0.8651853 0.4925734 0.09394646 0.4747977	0 0 0 1	
-0.09871173 -0.01529185 0.9949986 0.4164737	-0.5004594 0.8649963 -0.03635558 0.08267392	0.8601142 0.5015451 0.0930382 0.4833478	0 0 0 1	
-0.1082742 -0.01594584 0.9939932 0.4211642	-0.5150428 0.8561167 -0.04236887 0.07780235	0.8502985 0.5165365 0.1009082 0.4972616	0 0 0 1	
-0.1210892 -0.01637727 0.9925065 0.4245628	-0.5281056 0.8476791 -0.05044322 0.07225356	0.840501 0.5302564 0.1112938 0.5123449	0 0 0 1	
-0.1380354 -0.02417296 0.9901323 0.4037302	-0.5363411 0.8422586 -0.05420905 0.06812684	0.832637 0.5385314 0.1292264 0.5042309	0 0 0 1	
-0.1500928 -0.02472267 0.9883628 0.4062917	-0.5410225 0.83878 -0.06117861 0.06723961	0.8275065 0.543909 0.1392704 0.5171952	0 0 0 1	
-0.1605234 -0.02546775 0.9867034 0.4093836	-0.5437158 0.8366019 -0.06686181 0.06774214	0.8237751 0.5472191 0.1481415 0.5295014	0 0 0 1	
-0.1661321 -0.02761912 0.9857166 0.4136925	-0.54804 0.8336005 -0.06900938 0.06880791	0.8197879 0.5516768 0.1536242 0.540882	0 0 0 1	
-0.168889 -0.03160435 0.9851284 0.4182367	-0.5561973 0.8281989 -0.06878379 0.06862608	0.8137083 0.5595425 0.157452 0.5525374	0 0 0 1	
-0.1728177 -0.03598684 0.9842963 0.4219328	-0.5676516 0.8203154 -0.06967384 0.06553262	0.804926 0.5707782 0.1621931 0.5655352	0 0 0 1	
-0.1750619 -0.03497073 0.9839363 0.4285662	-0.5836885 0.8084959 -0.07511452 0.05653751	0.7928816 0.5874619 0.1619488 0.5774938	0 0 0 1	
-0.1686121 -0.02399918 0.9853904 0.444457	-0.6025583 0.7936657 -0.08377522 0.03739013	0.78006 0.6078806 0.1482825 0.578862	0 0 0 1	
-0.1678519 -0.0118621 0.9857408 0.4569544	-0.6229664 0.776244 -0.09673762 0.01932839	0.7640279 0.630321 0.1376837 0.5861123	0 0 0 1	
-0.1694407 0.001038283 0.98554 0.4684652	-0.6427801 0.7579209 -0.1113095 -0.0008485466	0.7470769 0.6523457 0.1277553 0.593021	0 0 0 1	
-0.1737158 0.01228485 0.9847193 0.4778067	-0.6582649 0.7422707 -0.1253856 -0.01929136	0.7324686 0.6699875 0.1208575 0.6000423	0 0 0 1	
-0.184003 0.01700264 0.9827787 0.4812807	-0.6664738 0.7327467 -0.137459 -0.03240803	0.722465 0.6802891 0.1234958 0.6103119	0 0 0 1	
-0.1873623 0.02497241 0.9819734 0.4883181	-0.6757467 0.7222663 -0.1473015 -0.04533398	0.7129248 0.691164 0.1184504 0.6161102	0 0 0 1	
-0.192929 0.02656284 0.9808531 0.501035	-0.679553 0.7174745 -0.1530949 -0.04570404	0.7078038 0.6960781 0.1203709 0.6311008	0 0 0 1	
-0.1989074 0.02182436 0.9797754 0.499481	-0.6798439 0.7170076 -0.1539884 -0.04633224	0.7058672 0.6967236 0.1277809 0.6408729	0 0 0 1	
-0.2023966 0.01492193 0.97919 0.4973476	-0.6763878 0.7209442 -0.1507945 -0.04187801	0.7081915 0.6928324 0.1358237 0.6495821	0 0 0 1	
-0.2078601 0.006559312 0.9781366 0.4929929	-0.6700143 0.7275953 -0.1472614 -0.03579079	0.7126535 0.6859753 0.1468432 0.658651	0 0 0 1	
-0.216218 -0.003834158 0.9763376 0.4857076	-0.6613551 0.7362042 -0.1435714 -0.02875143	0.7182333 0.6767486 0.1617163 0.6686717	0 0 0 1	
-0.2274579 -0.01651549 0.973648 0.4754246	-0.6511393 0.7460352 -0.1394606 -0.0213196	0.7240724 0.6657017 0.1804454 0.6797771	0 0 0 1	
-0.2418215 -0.02686059 0.9699489 0.4808074	-0.6394386 0.7562686 -0.1384776 -0.006828606	0.7298224 0.6537096 0.2000577 0.7043043	0 0 0 1	
-0.2517717 -0.02889654 0.9673553 0.476525	-0.6342206 0.7599316 -0.1423669 -0.01094276	0.7310098 0.6493605 0.209656 0.7108752	0 0 0 1	
-0.262645 -0.02788851 0.9644896 0.4730788	-0.6329327 0.7594584 -0.150397 -0.02240393	0.7282953 0.6499579 0.2171196 0.7165721	0 0 0 1	
-0.2742105 -0.02884227 0.9612372 0.4677885	-0.6336291 0.7573246 -0.1580304 -0.03635505	0.7234106 0.6524014 0.2259417 0.7223918	0 0 0 1	
-0.2858858 -0.03128022 0.9577532 0.461253	-0.6336836 0.7559078 -0.1644641 -0.05010439	0.7188287 0.6539304 0.2359252 0.7276065	0 0 0 1	
-0.2968411 -0.03140554 0.9544104 0.4560138	-0.6313316 0.7563192 -0.1714697 -0.0636256	0.7164537 0.6534486 0.244334 0.7305334	0 0 0 1	
-0.3068438 -0.02830604 0.9513389 0.4555496	-0.62523 0.7596218 -0.1790592 -0.07437642	0.7175893 0.6497488 0.250783 0.7366576	0 0 0 1	
-0.3125772 -0.02229846 0.9496307 0.4558927	-0.6156271 0.7660993 -0.1846487 -0.08341138	0.7233942 0.6423353 0.2531928 0.733622	0 0 0 1	
-0.3174436 -0.01637685 0.9481357 0.4563619	-0.6014883 0.7764525 -0.1879717 -0.08821657	0.733104 0.6299629 0.2563304 0.7297194	0 0 0 1	
-0.3221489 -0.01295075 0.9466005 0.4554774	-0.5850071 0.7888666 -0.188298 -0.08988655	0.7443029 0.614428 0.2617087 0.7261868	0 0 0 1	
-0.3269179 -0.01270708 0.9449673 0.4529561	-0.569198 0.8008509 -0.1861488 -0.09098446	0.7544125 0.5987289 0.2690454 0.7234256	0 0 0 1	
-0.3316913 -0.01442158 0.9432777 0.4495057	-0.5557254 0.8109716 -0.1830148 -0.09364885	0.7623321 0.5849078 0.2770066 0.7211111	0 0 0 1	
-0.3425448 -0.01357979 0.9394034 0.4709285	-0.5416098 0.8198757 -0.1856412 -0.09018272	0.7676731 0.5723805 0.2881992 0.7360783	0 0 0 1	
-0.3475777 -0.01465499 0.9375366 0.4682644	-0.530659 0.8274168 -0.1838003 -0.09567294	0.7730399 0.5613972 0.2953684 0.7339914	0 0 0 1	
-0.3517317 -0.01502928 0.9359805 0.4664209	-0.5191679 0.8351374 -0.1816877 -0.1006456	0.7789417 0.5498362 0.3015469 0.7315809	0 0 0 1	
-0.3552803 -0.01479287 0.9346428 0.4652051	-0.506377 0.8435003 -0.1791358 -0.1044053	0.7857215 0.536925 0.3071698 0.7290941	0 0 0 1	
-0.3590251 -0.01398103 0.9332232 0.4640642	-0.4928065 0.8519825 -0.1768262 -0.107741	0.7926177 0.5233835 0.3127731 0.7269396	0 0 0 1	
-0.3621176 -0.01217397 0.932053 0.4636937	-0.479232 0.860074 -0.1749555 -0.1112276	0.7995047 0.5100241 0.3172822 0.7246389	0 0 0 1	
-0.3639594 -0.007151335 0.9313873 0.4737717	-0.4634952 0.8687574 -0.1744502 -0.1114286	0.807902 0.4951863 0.3195071 0.7272937	0 0 0 1	
-0.3652929 -0.0002136528 0.9308928 0.4763498	-0.4460476 0.8777671 -0.1748326 -0.1134325	0.8170697 0.4790875 0.3207375 0.7239336	0 0 0 1	
-0.3672069 0.007953539 0.9301054 0.4786729	-0.425325 0.8878595 -0.1755112 -0.1132839	0.8271989 0.4600459 0.3226453 0.7212173	0 0 0 1	
-0.3739686 0.01833992 0.92726 0.4789003	-0.3753677 0.9112623 -0.1694112 -0.1006899	0.848084 0.411418 0.3338993 0.7206154	0 0 0 1	
-0.3796791 0.02025987 0.9248964 0.4762512	-0.3437719 0.9250814 -0.1613857 -0.08584954	0.8588741 0.3792282 0.3442693 0.7230182	0 0 0 1	
-0.3855621 0.02313474 0.922392 0.4761331	-0.3062071 0.9398216 -0.1515671 -0.06411365	0.8703904 0.3408814 0.3552756 0.7275118	0 0 0 1	
-0.39547 0.02636909 0.9181004 0.4705938	-0.2661851 0.953399 -0.1420416 -0.04191182	0.8790615 0.3005579 0.3700217 0.7317423	0 0 0 1	
-0.4040489 0.02581584 0.9143731 0.4649964	-0.2315597 0.9641568 -0.1295444 -0.01917055	0.8849433 0.2640742 0.3835887 0.7358347	0 0 0 1	
-0.4119459 0.02145199 0.9109558 0.4588595	-0.2049011 0.9719385 -0.115547 0.001947366	0.8878718 0.234255 0.3959906 0.7403183	0 0 0 1	
-0.4218886 0.01527693 0.9065191 0.4505601	-0.1822976 0.9780089 -0.1013219 0.0225773	0.8881316 0.2080028 0.4098258 0.7461884	0 0 0 1	
-0.4322102 0.006795101 0.9017472 0.4411426	-0.1619129 0.9831362 -0.08501378 0.04520231	0.8871181 0.1827484 0.4238213 0.7523105	0 0 0 1	
-0.4414635 -0.002694495 0.8972752 0.4333531	-0.1433002 0.987372 -0.0675393 0.07068177	0.8857625 0.1583959 0.4362749 0.7595454	0 0 0 1	
-0.4512392 -0.01102566 0.8923349 0.4236913	-0.125539 0.9907645 -0.05124118 0.0950144	0.8835288 0.1351449 0.448456 0.7647077	0 0 0 1	
-0.4603368 -0.018069 0.8875606 0.4145164	-0.108626 0.9934264 -0.03611507 0.1194091	0.8810736 0.1130373 0.4592736 0.7689832	0 0 0 1	
-0.4676526 -0.02547603 0.8835452 0.4063342	-0.09348725 0.9954036 -0.02078061 0.1442735	0.8789547 0.09231831 0.4678848 0.7719486	0 0 0 1	
-0.4739263 -0.0322009 0.8799755 0.3988956	-0.08094729 0.9966929 -0.007123657 0.1676705	0.876836 0.07460773 0.4749656 0.7743847	0 0 0 1	
-0.4772685 -0.03799755 0.8779358 0.3939675	-0.07337706 0.9972989 0.003274007 0.1871966	0.8756888 0.06285775 0.4787674 0.7762694	0 0 0 1	
-0.4784054 -0.04186931 0.8771405 0.3947293	-0.07093646 0.9974409 0.008921925 0.2027243	0.8752694 0.05795294 0.4801512 0.7770675	0 0 0 1	
-0.4788753 -0.04457258 0.8767508 0.3931231	-0.07408065 0.9971998 0.01023368 0.2114329	0.8747517 0.06004961 0.4808363 0.7807192	0 0 0 1	
-0.4770778 -0.04490767 0.8777131 0.3943773	-0.07771067 0.9969374 0.008768361 0.2183012	0.8754188 0.06402448 0.4791067 0.7836587	0 0 0 1	
-0.4735 -0.04529925 0.8796282 0.3970982	-0.08111857 0.996675 0.007661177 0.2261938	0.8770505 0.06772661 0.4756002 0.7856019	0 0 0 1	
-0.4706607 -0.04738933 0.881041 0.3983487	-0.08569768 0.9962906 0.007807843 0.2351441	0.8781429 0.07182831 0.472976 0.7880821	0 0 0 1	
-0.4696333 -0.05172982 0.8813447 0.3969311	-0.091102 0.9957923 0.009902623 0.2457011	0.8781486 0.07564168 0.4723699 0.7915542	0 0 0 1	
-0.4690225 -0.05529046 0.8814541 0.3964721	-0.09502688 0.9954039 0.01187425 0.2591534	0.8780593 0.07819253 0.4721209 0.7965152	0 0 0 1	
-0.4705621 -0.05831599 0.8804377 0.3932769	-0.1000984 0.9949003 0.01239846 0.2692277	0.8766708 0.08229621 0.4739997 0.8016515	0 0 0 1	
-0.4718287 -0.05894844 0.8797176 0.3914155	-0.1064646 0.9942709 0.009523157 0.2762299	0.8752391 0.08916548 0.4754015 0.8076423	0 0 0 1	
-0.4729245 -0.05750331 0.8792247 0.3907883	-0.1160811 0.9932365 0.002521336 0.2784578	0.8734232 0.1008689 0.4764009 0.8153136	0 0 0 1	
-0.4762403 -0.05589212 0.8775373 0.3884475	-0.1298809 0.9915025 -0.007335674 0.2761673	0.8696704 0.1174689 0.4794527 0.8259991	0 0 0 1	
-0.4837463 -0.05709244 0.8733442 0.3810925	-0.1483931 0.9887726 -0.01755682 0.2707195	0.8625364 0.1380913 0.4867872 0.840499	0 0 0 1	
-0.4913722 -0.06024295 0.868864 0.3746657	-0.1685279 0.9853273 -0.02699024 0.2654576	0.8544895 0.15969 0.494315 0.8531659	0 0 0 1	
-0.4974225 -0.0630321 0.8652155 0.3679708	-0.1874492 0.981605 -0.03625547 0.2593603	0.8470147 0.1802182 0.5000877 0.8672144	0 0 0 1	
-0.5019671 -0.06361113 0.8625447 0.3639106	-0.2018394 0.97837 -0.04530945 0.255349	0.8410057 0.1968393 0.5039488 0.8790274	0 0 0 1	
-0.5061717 -0.06377745 0.8600712 0.3604391	-0.2120864 0.9758421 -0.05245545 0.2545663	0.8359483 0.2089609 0.50747 0.8891309	0 0 0 1	
-0.5105289 -0.06489889 0.8574079 0.3562817	-0.2201115 0.9737872 -0.05735374 0.2562555	0.8312106 0.2180061 0.5114315 0.8984032	0 0 0 1	
-0.5165845 -0.06885003 0.8534637 0.3488223	-0.2297786 0.9713469 -0.06072053 0.2575325	0.8248287 0.2274749 0.517603 0.9088911	0 0 0 1	
-0.5240521 -0.07699452 0.8481991 0.3396868	-0.2437771 0.9677982 -0.06276441 0.260317	0.816053 0.2396633 0.5259463 0.9187191	0 0 0 1	
-0.5347728 -0.09067229 0.8401173 0.3213749	-0.2639182 0.9624112 -0.06412458 0.2550675	0.8027239 0.2560142 0.5386013 0.9344766	0 0 0 1	
-0.5459766 -0.107454 0.8308809 0.300004	-0.2870665 0.9557003 -0.06503674 0.2472449	0.7870847 0.2740266 0.5526365 0.9511238	0 0 0 1	
-0.55716 -0.1261389 0.820769 0.2766723	-0.3121436 0.9477227 -0.06624187 0.2369273	0.7695057 0.2931051 0.5674067 0.9680426	0 0 0 1	
-0.5677015 -0.1453352 0.8103045 0.2528271	-0.33742 0.9388951 -0.06799816 0.225089	0.7509084 0.3120155 0.582051 0.9843605	0 0 0 1	
-0.5787791 -0.1640807 0.7988067 0.2278833	-0.3605265 0.9301058 -0.07017063 0.2136219	0.7314611 0.3286043 0.5974813 0.9996467	0 0 0 1	
-0.5909201 -0.1824018 0.7858393 0.2038171	-0.3806078 0.9219124 -0.07221606 0.2071277	0.7113028 0.3417704 0.6142002 1.008785	0 0 0 1	
-0.6098682 -0.2184203 0.7618093 0.1542082	-0.421724 0.9033092 -0.07862204 0.1838232	0.6709767 0.3692223 0.6430125 1.034455	0 0 0 1	
-0.6136487 -0.2361353 0.7534423 0.1334792	-0.4575745 0.8840151 -0.09561816 0.1543584	0.6434756 0.4034319 0.6505243 1.055243	0 0 0 1	
-0.6108847 -0.2364995 0.7555712 0.1348848	-0.4711179 0.8755758 -0.1068403 0.1404859	0.6362922 0.4212303 0.6462951 1.063704	0 0 0 1	
-0.6074383 -0.2348123 0.7588688 0.141201	-0.4827868 0.8677595 -0.1179422 0.1308362	0.6308213 0.4380145 0.6404746 1.069818	0 0 0 1	
-0.6032934 -0.2350545 0.7620937 0.1435527	-0.4944594 0.8599938 -0.1261768 0.1208277	0.6257374 0.4529459 0.6350535 1.077349	0 0 0 1	
-0.5986876 -0.2356115 0.7655457 0.1456875	-0.5041695 0.8535199 -0.1315937 0.1147922	0.6224035 0.4647483 0.6297801 1.084186	0 0 0 1	
-0.5891507 -0.2309356 0.7743194 0.1541331	-0.5148561 0.8458564 -0.1394637 0.1125906	0.6227559 0.4808281 0.6172354 1.095577	0 0 0 1	
-0.5832812 -0.2252565 0.7804123 0.1619914	-0.5177179 0.8434317 -0.1434965 0.1135969	0.6259009 0.4877321 0.6085771 1.100423	0 0 0 1	
-0.5764451 -0.216269 0.787997 0.1764379	-0.5181965 0.8423795 -0.1478828 0.1184897	0.6318101 0.4935835 0.5976554 1.102928	0 0 0 1	
-0.5680621 -0.2062998 0.7967099 0.1904095	-0.517392 0.8423594 -0.1507851 0.1238084	0.6400092 0.4978665 0.5852503 1.105845	0 0 0 1	
-0.5593601 -0.1959973 0.8054203 0.2048233	-0.5152966 0.8433068 -0.1526536 0.1312247	0.6492968 0.5004185 0.572709 1.10814	0 0 0 1	
-0.5343218 -0.1671182 0.8285962 0.2481697	-0.5045321 0.8495469 -0.1540047 0.154404	0.6781944 0.5003415 0.5382478 1.107277	0 0 0 1	
-0.5179374 -0.1466783 0.8427494 0.2784655	-0.496097 0.8540944 -0.1562387 0.1674795	0.6968707 0.4990072 0.5151341 1.103568	0 0 0 1	
-0.5015378 -0.1257436 0.8559488 0.3103067	-0.4870847 0.8587121 -0.1592547 0.1833351	0.7149884 0.4967918 0.4919244 1.097996	0 0 0 1	
-0.4844778 -0.1075565 0.8681664 0.3385088	-0.4805393 0.8619984 -0.1613712 0.1949195	0.7310016 0.4953688 0.4693042 1.093362	0 0 0 1	
-0.4669584 -0.09158739 0.8795236 0.3649475	-0.4771087 0.8635231 -0.1633863 0.203819	0.7445248 0.4959229 0.4469266 1.089237	0 0 0 1	
-0.4474803 -0.07578981 0.8910767 0.3927521	-0.4764049 0.8634516 -0.1658004 0.2098892	0.7568356 0.4987056 0.4224842 1.084666	0 0 0 1	
-0.4249628 -0.05924572 0.90327 0.4235401	-0.4772622 0.8625598 -0.1679627 0.2147221	0.7691733 0.5024745 0.3948315 1.078471	0 0 0 1	
-0.3997571 -0.04281141 0.9156208 0.456082	-0.4784388 0.8617851 -0.1685906 0.2206098	0.7818507 0.5054638 0.3649874 1.070253	0 0 0 1	
-0.3747712 -0.02747779 0.9267099 0.4864296	-0.4774271 0.8625582 -0.1675009 0.2325223	0.7947387 0.5052111 0.3363807 1.059054	0 0 0 1	
-0.3309381 -0.005256921 0.9436377 0.5350487	-0.4697983 0.8681669 -0.159924 0.2619541	0.8183944 0.4962444 0.2897792 1.03987	0 0 0 1	
-0.3127913 0.001407444 0.9498209 0.5523957	-0.4642585 0.8721769 -0.1541802 0.2800855	0.8286288 0.4891886 0.272156 1.031487	0 0 0 1	
-0.2983773 0.006425023 0.9544263 0.5654079	-0.4569589 0.8769601 -0.1487602 0.2994503	0.8379496 0.4805203 0.258729 1.024237	0 0 0 1	
-0.2869656 0.01006702 0.9578882 0.5749276	-0.4484181 0.8822118 -0.1436094 0.3195488	0.8465059 0.4707452 0.2486502 1.017919	0 0 0 1	
-0.2778839 0.0125163 0.9605332 0.5785753	-0.4394675 0.8874851 -0.1387031 0.3423978	0.8541949 0.4606664 0.2411174 1.00883	0 0 0 1	
-0.269745 0.01588441 0.962801 0.5852605	-0.4318656 0.8916705 -0.1357052 0.3591965	0.8606569 0.4524063 0.2336637 1.00403	0 0 0 1	
-0.263207 0.01938012 0.9645448 0.5909069	-0.4254198 0.8950098 -0.1340724 0.3734607	0.8658754 0.4456252 0.2273282 1.000436	0 0 0 1	
-0.2537849 0.02597187 0.9669119 0.5993958	-0.4180166 0.8985243 -0.1338515 0.3933958	0.8722702 0.4381548 0.2171752 0.9974598	0 0 0 1	
-0.2507929 0.02834004 0.9676259 0.6016891	-0.4179774 0.8984238 -0.1346462 0.3986909	0.8731539 0.438214 0.2134728 0.9987342	0 0 0 1	
-0.2494088 0.03047575 0.9679188 0.6026657	-0.4206234 0.896889 -0.1366236 0.4000866	0.8722795 0.4412044 0.2108732 1.002313	0 0 0 1	
-0.2486066 0.03182973 0.9680814 0.5977064	-0.4235107 0.8952881 -0.1381953 0.4054058	0.8711105 0.4443491 0.2090943 1.000214	0 0 0 1	
-0.2477314 0.03509611 0.9681929 0.5992682	-0.4244756 0.8943884 -0.1410313 0.4070158	0.8708902 0.4459121 0.2066708 1.002419	0 0 0 1	
-0.2470212 0.0387945 0.9682335 0.6011505	-0.421769 0.8952798 -0.1434754 0.4121732	0.8724059 0.4438122 0.2047907 1.00235	0 0 0 1	
-0.2461481 0.04242255 0.9683033 0.6031296	-0.4169256 0.8972527 -0.1452946 0.4196662	0.8749765 0.4394745 0.2031701 1.000734	0 0 0 1	
-0.2453588 0.04583003 0.9683484 0.6048942	-0.4117989 0.8993555 -0.1469058 0.4273825	0.8776222 0.4348094 0.201792 0.9988245	0 0 0 1	
-0.2453451 0.04818152 0.9682377 0.6088523	-0.406852 0.9014333 -0.1479508 0.4401107	0.8799302 0.4302285 0.2015595 0.997786	0 0 0 1	
-0.2468649 0.04723987 0.967898 0.6053151	-0.4026502 0.9035067 -0.1467941 0.449127	0.8814368 0.4259625 0.204023 0.998147	0 0 0 1	
-0.2477807 0.04415247 0.9678096 0.6003032	-0.3993071 0.9055107 -0.1435418 0.4590225	0.8826996 0.4220201 0.2067376 0.9987699	0 0 0 1	
-0.2476697 0.03964227 0.9680331 0.5947517	-0.3967945 0.9073713 -0.1386774 0.4694053	0.883863 0.4184564 0.2089986 0.999299	0 0 0 1	
-0.2473586 0.03452493 0.9683088 0.5887741	-0.3950424 0.908937 -0.1333233 0.4793638	0.8847346 0.4155016 0.2111945 1.000168	0 0 0 1	
-0.2466352 0.02863608 0.9686853 0.5823258	-0.3940524 0.9102381 -0.1272372 0.4891116	0.8853778 0.4130939 0.2132126 1.001284	0 0 0 1	
-0.244539 0.02327016 0.9693604 0.5824189	-0.3946947 0.9107527 -0.1214322 0.4991153	0.8856733 0.4122962 0.2135299 1.003906	0 0 0 1	
-0.2426695 0.01637916 0.9699707 0.5758728	-0.3949122 0.9115943 -0.1141935 0.5085664	0.8860902 0.4107646 0.2147478 1.005109	0 0 0 1	
-0.2409172 0.0102707 0.9704913 0.5699434	-0.3933484 0.9131055 -0.1073092 0.5192577	0.8872632 0.4075938 0.2159429 1.005062	0 0 0 1	
-0.2397701 0.005501211 0.9708141 0.5648509	-0.3898909 0.9152522 -0.101481 0.5307813	0.889098 0.4028437 0.2173052 1.003923	0 0 0 1	
-0.2392179 0.002489552 0.9709629 0.5610516	-0.3852714 0.9176623 -0.09727286 0.5420653	0.8912582 0.3973535 0.2185621 1.002137	0 0 0 1	
-0.2398582 0.0003248602 0.9708079 0.5572823	-0.3801728 0.9201021 -0.09423745 0.5529411	0.893273 0.3916784 0.2205706 1.000638	0 0 0 1	
-0.2400351 0.0005867928 0.9707641 0.5614602	-0.3748499 0.9223844 -0.0932444 0.5663408	0.8954725 0.3862727 0.2211846 0.9955311	0 0 0 1	
-0.2413898 -0.0009125173 0.970428 0.5581255	-0.3682847 0.9252745 -0.09073909 0.5786929	0.8978294 0.3792972 0.2236878 0.9931164	0 0 0 1	
-0.2435136 -0.0008930713 0.9698972 0.5557374	-0.3597394 0.9287537 -0.08946508 0.592122	0.9007158 0.3706962 0.2264854 0.9894753	0 0 0 1	
-0.2471877 -0.0003591478 0.9689677 0.552726	-0.3499812 0.9325254 -0.08893599 0.6063581	0.9035551 0.3611042 0.2306346 0.9856545	0 0 0 1	
-0.2512829 -0.001038179 0.967913 0.548117	-0.3403124 0.9362469 -0.08734536 0.6217479	0.9061149 0.3513412 0.2356162 0.9819827	0 0 0 1	
-0.2546899 -0.00263457 0.9670194 0.5429944	-0.3311176 0.939785 -0.08464806 0.6379632	0.9085673 0.3417561 0.2402261 0.9780245	0 0 0 1	
-0.2565752 -0.002099529 0.966522 0.5470319	-0.3207882 0.9434978 -0.08310767 0.6596035	0.9117369 0.3313722 0.2427516 0.9605825	0 0 0 1	
-0.2603686 -0.00370352 0.9655024 0.5417684	-0.3115112 0.9468373 -0.08037376 0.6767094	0.913876 0.3216916 0.2476803 0.9559574	0 0 0 1	
-0.2634277 -0.002810165 0.9646753 0.5395802	-0.3030183 0.9496226 -0.07998002 0.6916625	0.9158528 0.3133832 0.2510085 0.9513567	0 0 0 1	
-0.2635379 0.0006914735 0.9646488 0.5422643	-0.2973474 0.9512488 -0.08191588 0.7026807	0.9176777 0.3084237 0.2504845 0.9472001	0 0 0 1	
-0.2609261 0.006193295 0.9653389 0.5489638	-0.2960237 0.9512906 -0.08611684 0.7085561	0.9188513 0.3082333 0.2463832 0.9449774	0 0 0 1	
-0.2575004 0.01602206 0.9661453 0.5607336	-0.2979535 0.949825 -0.09516302 0.7081561	0.9191938 0.312371 0.2398065 0.9450315	0 0 0 1	
-0.2547554 0.03132777 0.966498 0.5778465	-0.3020078 0.9469032 -0.1102977 0.7011749	0.9186354 0.3199888 0.2317675 0.9472857	0 0 0 1	
-0.2490625 0.05098416 0.9671445 0.6076564	-0.3073426 0.9428351 -0.1288507 0.6979343	0.9184271 0.3293366 0.2191553 0.937226	0 0 0 1	
-0.246877 0.0658639 0.9668059 0.6242926	-0.3155937 0.9378309 -0.1444778 0.6867582	0.9162164 0.3407861 0.2107426 0.9424596	0 0 0 1	
-0.2473177 0.07915577 0.9656959 0.6376407	-0.326102 0.9317155 -0.1598862 0.6736873	0.9124098 0.354458 0.2046169 0.951143	0 0 0 1	
-0.2456663 0.09151038 0.9650254 0.6515611	-0.3397147 0.9242693 -0.1741267 0.6587154	0.9078777 0.3706104 0.1959745 0.9605334	0 0 0 1	
-0.243199 0.1028517 0.9645082 0.6651778	-0.3521622 0.9171493 -0.1865985 0.6458738	0.9037901 0.3850438 0.1868293 0.9680862	0 0 0 1	
-0.2367226 0.1125719 0.9650337 0.6843785	-0.3609803 0.9119732 -0.1949308 0.6468803	0.9020286 0.3945027 0.1752485 0.961641	0 0 0 1	
-0.2306726 0.1174181 0.965921 0.6938267	-0.3648818 0.9098142 -0.1977355 0.6503575	0.9020264 0.3980591 0.1670254 0.9595836	0 0 0 1	
-0.226777 0.1235676 0.9660763 0.7033801	-0.363056 0.9097008 -0.2015806 0.6576971	0.9037493 0.3964536 0.1614373 0.9541944	0 0 0 1	
-0.2253611 0.1339996 0.9650162 0.7160195	-0.3550406 0.9110914 -0.2094246 0.6662509	0.9072808 0.3898161 0.1577493 0.9449158	0 0 0 1	
-0.2253034 0.1454028 0.9633776 0.7289534	-0.3396648 0.9150422 -0.2175444 0.6803424	0.9131627 0.3762389 0.1567739 0.9302363	0 0 0 1	
-0.2234226 0.1526807 0.9626896 0.738649	-0.3171808 0.9225135 -0.2199207 0.7052205	0.9216718 0.3544818 0.157683 0.9081439	0 0 0 1	
-0.2187574 0.1530994 0.9636939 0.7467838	-0.2893981 0.9329998 -0.2139161 0.7426633	0.9318765 0.3256869 0.159794 0.8738817	0 0 0 1	
-0.2142013 0.145697 0.9658624 0.7420754	-0.2584126 0.9451305 -0.1998784 0.7873936	0.9419876 0.2924052 0.1647983 0.8408111	0 0 0 1	
-0.2080649 0.1344713 0.9688274 0.733642	-0.2258841 0.9571237 -0.1813576 0.8353717	0.9516751 0.2565769 0.1687689 0.8032029	0 0 0 1	
-0.1992414 0.123094 0.9721887 0.7259284	-0.1917745 0.9679989 -0.161866 0.882842	0.9610023 0.2186915 0.1692592 0.759801	0 0 0 1	
-0.1877056 0.1118517 0.975836 0.7192088	-0.1562687 0.9774402 -0.1420944 0.9287016	0.9697148 0.1791645 0.1659921 0.7107676	0 0 0 1	
-0.1765635 0.1015393 0.9790378 0.712714	-0.121779 0.984769 -0.1240957 0.9697542	0.9767267 0.141137 0.1615089 0.6613334	0 0 0 1	
-0.1669461 0.09219542 0.9816461 0.7113529	-0.09362149 0.9896377 -0.108868 1.003252	0.9815111 0.1100782 0.1565846 0.6100683	0 0 0 1	
-0.1609869 0.08178823 0.9835618 0.7010607	-0.07175692 0.9929531 -0.09431417 1.031218	0.9843445 0.08576072 0.1539836 0.5758795	0 0 0 1	
-0.1573409 0.07238277 0.9848881 0.6904253	-0.05351619 0.9952198 -0.08169158 1.054652	0.9860932 0.06556089 0.1527152 0.5469008	0 0 0 1	
-0.1578324 0.06658066 0.9852188 0.6818885	-0.034179 0.9967581 -0.07283598 1.074124	0.9868742 0.04516967 0.1550452 0.5197857	0 0 0 1	
-0.1634626 0.06565593 0.9843624 0.6766866	-0.01310208 0.9975505 -0.06871129 1.089181	0.9864625 0.02412893 0.162202 0.4948846	0 0 0 1	
-0.1723258 0.06974762 0.9825675 0.6759402	0.00795657 0.9975561 -0.06941614 1.099366	0.9850079 0.004144337 0.1724597 0.4731154	0 0 0 1	
-0.177343 0.07394959 0.9813669 0.6820117	0.02783829 0.9971509 -0.07010832 1.099485	0.9837554 -0.01488636 0.1788963 0.4462931	0 0 0 1	
-0.1772928 0.07463743 0.9813238 0.6817207	0.04529884 0.9966822 -0.06762154 1.109233	0.9831151 -0.03246401 0.1800857 0.4217867	0 0 0 1	
-0.1708754 0.07183518 0.9826707 0.6803464	0.0587998 0.9963046 -0.06260724 1.119259	0.9835367 -0.04708282 0.1744678 0.3966672	0 0 0 1	
-0.1616296 0.06735321 0.9845505 0.678179	0.06785189 0.9960657 -0.05700202 1.128034	0.9845163 -0.0575904 0.1655637 0.3745748	0 0 0 1	
-0.153236 0.06192517 0.9862474 0.6742096	0.0724989 0.9960495 -0.05127627 1.135343	0.9855266 -0.06364448 0.1571202 0.3583112	0 0 0 1	
-0.1466138 0.05527 0.9876485 0.6676431	0.07294834 0.9963233 -0.04492646 1.141878	0.9865003 -0.06546047 0.1501067 0.3482426	0 0 0 1	
-0.1427622 0.04825464 0.98858 0.660969	0.0691466 0.9968566 -0.03867308 1.147568	0.9873387 -0.06283589 0.14565 0.340522	0 0 0 1	
-0.142332 0.04048689 0.9889906 0.64984	0.06269272 0.9975257 -0.03181379 1.152454	0.9878315 -0.05747439 0.144518 0.343232	0 0 0 1	
-0.1425406 0.03144161 0.9892895 0.6368286	0.05722161 0.9980854 -0.02347646 1.158191	0.9881335 -0.05326239 0.1440668 0.345123	0 0 0 1	
-0.1419426 0.02188306 0.989633 0.6235249	0.05401621 0.9984372 -0.01433023 1.164643	0.9884 -0.05142215 0.1429029 0.3437831	0 0 0 1	
-0.139637 0.01295268 0.9901181 0.6117233	0.05233206 0.9986136 -0.005683394 1.170803	0.9888189 -0.0510213 0.1401212 0.3398068	0 0 0 1	
-0.1372719 0.006966474 0.990509 0.6036837	0.05295842 0.9985967 0.0003159977 1.175437	0.9891167 -0.05249917 0.1374481 0.333734	0 0 0 1	
-0.1338179 0.003094096 0.9910012 0.5996343	0.05484799 0.9984855 0.004288821 1.181774	0.9894871 -0.05492834 0.1337849 0.3236383	0 0 0 1	
-0.1320952 4.68269E-05 0.9912371 0.59519	0.05891623 0.9982324 0.007804196 1.18546	0.9894846 -0.05943084 0.1318645 0.3145429	0 0 0 1	
-0.1319748 -0.004709372 0.9912419 0.5880716	0.06420187 0.9978485 0.01328866 1.190578	0.9891718 -0.06539335 0.1313885 0.3046491	0 0 0 1	
-0.1341243 -0.01113587 0.9909019 0.5780957	0.07154493 0.9972186 0.02089087 1.197302	0.9883785 -0.07369599 0.1329545 0.2931507	0 0 0 1	
-0.1379393 -0.01504731 0.9903262 0.5707192	0.07965563 0.9964771 0.02623575 1.202516	0.9872323 -0.08250402 0.1362549 0.2821105	0 0 0 1	
-0.1418653 -0.01508003 0.9897711 0.5682869	0.08447465 0.996052 0.02728359 1.204168	0.986275 -0.08748116 0.1400313 0.2762727	0 0 0 1	
-0.1427783 -0.01579833 0.9896287 0.5669342	0.08000213 0.9964167 0.02744895 1.208619	0.9865161 -0.0830915 0.1410027 0.2802892	0 0 0 1	
-0.1450614 -0.01806283 0.9892578 0.5627444	0.07125717 0.9970464 0.02865395 1.207891	0.9868535 -0.07464829 0.1433458 0.2911013	0 0 0 1	
-0.1480941 -0.02116592 0.9887468 0.5573891	0.06003603 0.9977347 0.0303505 1.206918	0.9871494 -0.06385516 0.146488 0.3055609	0 0 0 1	
-0.15037 -0.02529096 0.9883063 0.5511944	0.04977936 0.998211 0.03311831 1.206744	0.9873757 -0.05417725 0.1488421 0.318184	0 0 0 1	
-0.1534133 -0.02822545 0.9877589 0.5463449	0.04333245 0.9984382 0.03526077 1.206916	0.9872115 -0.04821149 0.1519507 0.3266447	0 0 0 1	
-0.1575624 -0.02824964 0.987105 0.5449665	0.04019905 0.9985787 0.0349946 1.206303	0.9866906 -0.04519451 0.1562028 0.3322039	0 0 0 1	
-0.1593564 -0.02657086 0.9868635 0.5478286	0.03830887 0.9987184 0.03307607 1.207645	0.9864776 -0.0430765 0.1581342 0.3380969	0 0 0 1	
-0.1612397 -0.02223412 0.986665 0.5533042	0.04301919 0.9986376 0.02953407 1.206933	0.9859774 -0.04720759 0.1600636 0.3334711	0 0 0 1	
-0.1616319 -0.01419024 0.9867492 0.5641977	0.0529167 0.9983335 0.02302472 1.205245	0.9854314 -0.05593704 0.1606117 0.3221687	0 0 0 1	
-0.1599565 -0.004762145 0.9871126 0.577628	0.06455491 0.9977973 0.01527448 1.202846	0.9850109 -0.06616621 0.1592968 0.3078049	0 0 0 1	
-0.1561531 0.001488607 0.9877317 0.5878009	0.07384533 0.9972178 0.0101715 1.201493	0.9849685 -0.07452768 0.1558286 0.2944614	0 0 0 1	
-0.154237 0.0045969 0.9880232 0.5931083	0.08048744 0.9967241 0.007927254 1.201371	0.9847501 -0.08074614 0.1541018 0.2849745	0 0 0 1	
-0.153874 0.00676636 0.9880673 0.5977671	0.08179227 0.9966319 0.005912688 1.20041	0.9846994 -0.08172607 0.1539092 0.2834538	0 0 0 1	
-0.1527547 0.008254711 0.9882297 0.6005588	0.07873665 0.996888 0.003843606 1.198484	0.9851226 -0.07839702 0.1529293 0.2868124	0 0 0 1	
-0.1495546 0.008790189 0.9887145 0.6029698	0.07117505 0.997462 0.001898095 1.195777	0.9861884 -0.07065567 0.1498007 0.294484	0 0 0 1	
-0.1465461 0.009884953 0.9891545 0.6059612	0.06180638 0.9980878 -0.000817433 1.192271	0.9872711 -0.06101627 0.1468768 0.3046758	0 0 0 1	
-0.1443844 0.01169259 0.9894526 0.6094885	0.05236215 0.9986195 -0.004160048 1.18833	0.9881353 -0.05120922 0.1447973 0.3155401	0 0 0 1	
-0.1430757 0.0132178 0.9896235 0.6122894	0.04526973 0.9989517 -0.006797474 1.18525	0.9886759 -0.04382743 0.1435242 0.3237503	0 0 0 1	
