0 1 0 0	0 0 -1 0	1 0 0 0	0 0 0 1	
-1.192093E-07 1 0 0	-1 -1.192093E-07 0 0	0 0 -1 0	0 0 0 1	
0.2182274 -0.143212 -0.9653327 0	0.5271791 0.8497263 -0.006884754 0	-0.8212546 0.5074008 -0.2609318 0	0 0 0 1	
0.2180297 -0.1440519 -0.9652523 0	0.5269313 0.849872 -0.007810369 0	-0.821466 0.5069188 -0.2612028 0	0 0 0 1	
0.2181648 -0.1449157 -0.9650925 0	0.5262663 0.8502752 -0.008709446 0	-0.8218564 0.5059956 -0.2617643 0	0 0 0 1	
0.219385 -0.14518 -0.9647762 0	0.5256922 0.8506327 -0.008463979 0	-0.821899 0.5053185 -0.2629361 0	0 0 0 1	
0.2186087 -0.145159 -0.9649555 0	0.5250086 0.8510485 -0.00908418 0	-0.8225426 0.504624 -0.2622564 0	0 0 0 1	
0.2182082 -0.1449099 -0.9650835 0	0.5242059 0.8515404 -0.009336606 0	-0.8231606 0.5038652 -0.2617757 0	0 0 0 1	
0.2185908 -0.1445296 -0.9650541 0	0.5226974 0.8524678 -0.009274006 0	-0.8240179 0.5024041 -0.2618868 0	0 0 0 1	
0.2190957 -0.1444443 -0.9649523 0	0.5214674 0.8532203 -0.009318113 0	-0.8246629 0.5011496 -0.2622598 0	0 0 0 1	
0.2201027 -0.1444716 -0.964719 0	0.5202298 0.8539768 -0.009195864 0	-0.8251762 0.4998516 -0.2631211 0	0 0 0 1	
0.2202888 -0.1445221 -0.964669 0	0.5198103 0.8542314 -0.009274587 0	-0.825391 0.4994017 -0.2633016 0	0 0 0 1	
0.2200785 -0.1491163 -0.9640175 0	0.5241027 0.8515694 -0.01207355 0	-0.8227283 0.5025871 -0.2655644 0	0 0 0 1	
0.2193545 -0.1503822 -0.9639859 0	0.5251805 0.850888 -0.01323424 0	-0.8222343 0.5033635 -0.2656239 0	0 0 0 1	
0.217815 -0.1507146 -0.9642832 0	0.5264869 0.850069 -0.0139389 0	-0.821808 0.5046462 -0.2645071 0	0 0 0 1	
0.2173423 -0.1510443 -0.9643381 0	0.5250174 0.85096 -0.01495759 0	-0.8228724 0.5030434 -0.2642505 0	0 0 0 1	
0.2175589 -0.1520851 -0.9641256 0	0.5230477 0.8521457 -0.01639308 0	-0.8240687 0.5007173 -0.2649396 0	0 0 0 1	
0.2184181 -0.1527575 -0.9638251 0	0.5219016 0.8528383 -0.01689582 0	-0.824568 0.4993315 -0.2659997 0	0 0 0 1	
0.2190483 -0.1532069 -0.9636107 0	0.5210076 0.8533778 -0.01724505 0	-0.824966 0.498271 -0.2667529 0	0 0 0 1	
0.2192044 -0.1529092 -0.9636225 0	0.5204836 0.8537011 -0.01706736 0	-0.8252553 0.4978084 -0.2667218 0	0 0 0 1	
0.2192287 -0.1525677 -0.963671 0	0.5204808 0.853709 -0.01675269 0	-0.8252506 0.4978996 -0.266566 0	0 0 0 1	
0.2194721 -0.1521875 -0.9636757 0	0.5203227 0.8538134 -0.01633684 0	-0.8252856 0.4978369 -0.2665749 0	0 0 0 1	
0.2196556 -0.1518446 -0.9636882 0	0.519955 0.8540428 -0.01605363 0	-0.8254686 0.4975482 -0.2665476 0	0 0 0 1	
0.2194508 -0.1514437 -0.9637978 0	0.5189841 0.8546319 -0.01612075 0	-0.8261337 0.496658 -0.2661465 0	0 0 0 1	
0.2194998 -0.1510022 -0.9638559 0	0.5172774 0.8556635 -0.0162522 0	-0.8271904 0.4950135 -0.2659279 0	0 0 0 1	
0.219212 -0.1510618 -0.963912 0	0.5168986 0.855886 -0.01657967 0	-0.8275034 0.4946103 -0.2657042 0	0 0 0 1	
0.2190128 -0.151476 -0.9638923 0	0.5166886 0.8560022 -0.01712057 0	-0.8276872 0.4942826 -0.2657413 0	0 0 0 1	
0.2181035 -0.1516192 -0.964076 0	0.5169204 0.8558514 -0.01765555 0	-0.8277827 0.4944998 -0.2650393 0	0 0 0 1	
0.2169626 -0.1515606 -0.9643426 0	0.5164727 0.856107 -0.01835117 0	-0.8283617 0.4940751 -0.2640201 0	0 0 0 1	
0.2161034 -0.1513872 -0.9645628 0	0.5158201 0.8564894 -0.01885933 0	-0.8289928 0.4934652 -0.2631788 0	0 0 0 1	
0.2153854 -0.150441 -0.9648713 0	0.5143245 0.857388 -0.01887125 0	-0.8301081 0.4921924 -0.2620443 0	0 0 0 1	
0.2138888 -0.1488631 -0.9654489 0	0.5111263 0.8592899 -0.01925769 0	-0.8324673 0.4893472 -0.2598803 0	0 0 0 1	
0.21225 -0.1468216 -0.9661228 0	0.5075779 0.8613876 -0.01939391 0	-0.8350536 0.4862663 -0.2573529 0	0 0 0 1	
0.2116507 -0.1447315 -0.9665696 0	0.5027843 0.8641963 -0.01930726 0	-0.8381003 0.4818895 -0.2556765 0	0 0 0 1	
0.2116053 -0.1403088 -0.9672315 0	0.4913968 0.8707328 -0.01880556 0	-0.8448387 0.471315 -0.253199 0	0 0 0 1	
0.2078285 -0.1377622 -0.9684157 0	0.4841902 0.874722 -0.02052332 0	-0.8499219 0.464632 -0.2484952 0	0 0 0 1	
0.1989822 -0.1341898 -0.9707725 0	0.4761591 0.879034 -0.02390896 0	-0.8565505 0.4574847 -0.2388077 0	0 0 0 1	
0.1917492 -0.1317593 -0.9725594 0	0.4711159 0.8816713 -0.02656113 0	-0.8609774 0.4530951 -0.2311337 0	0 0 0 1	
0.1834654 -0.1295073 -0.9744579 0	0.4663234 0.8841155 -0.02970387 0	-0.8653802 0.4489629 -0.2225969 0	0 0 0 1	
0.1723713 -0.1256947 -0.9769796 0	0.4621405 0.8862117 -0.03248009 0	-0.8698933 0.4459032 -0.2108461 0	0 0 0 1	
0.1612784 -0.1214801 -0.9794039 0	0.4591963 0.8876652 -0.03448541 0	-0.8735721 0.4441769 -0.1989444 0	0 0 0 1	
0.1504217 -0.1185412 -0.9814894 -0.001325722	0.4536695 0.8903592 -0.03800593 -0.0003340528	-0.8783833 0.4395549 -0.1877079 -0.0009063265	0 0 0 1	
0.1376435 -0.1154018 -0.9837361 -0.003050681	0.4482507 0.8929193 -0.04202928 -0.0006009226	-0.8832472 0.4351753 -0.1746334 -0.001912726	0 0 0 1	
0.1236991 -0.1128584 -0.9858811 -0.005250485	0.4417219 0.8959129 -0.0471362 -0.0007749654	-0.8885833 0.4296545 -0.1606756 -0.003146705	0 0 0 1	
0.1099758 -0.1116368 -0.987645 -0.007958481	0.4339094 0.899376 -0.05334297 -0.0008360628	-0.8942192 0.422682 -0.1473498 -0.004629808	0 0 0 1	
0.096012 -0.1112926 -0.9891388 -0.01117868	0.426115 0.9026637 -0.0602015 -0.0007503631	-0.8995597 0.4157068 -0.1340899 -0.006299315	0 0 0 1	
0.08050674 -0.1113734 -0.9905124 -0.01539562	0.4189526 0.9054763 -0.0677603 -0.0007195885	-0.9044322 0.4095225 -0.1195571 -0.008165274	0 0 0 1	
0.06266433 -0.1111002 -0.9918316 -0.01972581	0.413002 0.9075894 -0.0755702 -0.0004149273	-0.9085717 0.4048928 -0.1027581 -0.0100856	0 0 0 1	
0.04399222 -0.110759 -0.9928731 -0.02461857	0.4076136 0.9093398 -0.08337994 -4.011812E-05	-0.9120942 0.4010405 -0.08515072 -0.01209498	0 0 0 1	
0.02401382 -0.1106535 -0.9935689 -0.0301231	0.4025633 0.910787 -0.0917045 0.0004005237	-0.9150771 0.3977723 -0.0664165 -0.01417544	0 0 0 1	
0.002661347 -0.1103355 -0.9938909 -0.03626715	0.3975446 0.9120966 -0.1001907 0.000883529	-0.9175791 0.3948492 -0.04629064 -0.01633942	0 0 0 1	
-0.01950455 -0.1101474 -0.9937238 -0.04308744	0.391717 0.9136118 -0.1089561 0.001372775	-0.919879 0.3913836 -0.02532697 -0.01866175	0 0 0 1	
-0.04351401 -0.1114443 -0.9928175 -0.05167124	0.3828473 0.9160363 -0.1196053 0.002969078	-0.9227862 0.385302 -0.002805769 -0.02114639	0 0 0 1	
-0.06571233 -0.1134214 -0.9913716 -0.05994827	0.3743711 0.9181412 -0.1298581 0.003422427	-0.9249478 0.3796741 0.0178715 -0.02389252	0 0 0 1	
-0.08972681 -0.1167146 -0.9891041 -0.06902987	0.3657647 0.9198536 -0.1417235 0.003785264	-0.9263721 0.3744957 0.03984547 -0.02656761	0 0 0 1	
-0.1151122 -0.1199111 -0.9860885 -0.07880776	0.3575906 0.9211341 -0.1537562 0.004061689	-0.9267568 0.3703152 0.0631547 -0.02902392	0 0 0 1	
-0.1418822 -0.1219147 -0.9823474 -0.0891917	0.3500676 0.9220786 -0.1649959 0.004267297	-0.925917 0.367298 0.08814812 -0.03111858	0 0 0 1	
-0.1702709 -0.1224368 -0.9777613 -0.10015	0.3426706 0.9229652 -0.175249 0.00441643	-0.9238964 0.3648898 0.1151986 -0.03272837	0 0 0 1	
-0.2020097 -0.1229776 -0.9716319 -0.1116349	0.3347704 0.9236579 -0.1865069 0.004951367	-0.9203917 0.3629498 0.1454186 -0.03272407	0 0 0 1	
-0.2326624 -0.1227283 -0.9647829 -0.1237252	0.3290236 0.9235802 -0.1968327 0.005040556	-0.9152113 0.3632319 0.1745019 -0.0329615	0 0 0 1	
-0.2630892 -0.1222975 -0.9569888 -0.1362739	0.3255278 0.9225095 -0.2073833 0.00508057	-0.9081936 0.3660868 0.202891 -0.0324073	0 0 0 1	
-0.2914411 -0.1222937 -0.9487393 -0.1491486	0.324442 0.9203705 -0.2183016 0.005056012	-0.8998885 0.371433 0.2285566 -0.03130848	0 0 0 1	
-0.3172517 -0.1233003 -0.9402917 -0.1623047	0.3256806 0.917044 -0.2301355 0.004913008	-0.8906648 0.3792456 0.2507774 -0.02982319	0 0 0 1	
-0.3405895 -0.12526 -0.9318311 -0.1756519	0.3288537 0.9126155 -0.2428748 0.004605183	-0.8808261 0.3891566 0.2696352 -0.02803044	0 0 0 1	
-0.3645976 -0.1265003 -0.9225326 -0.1892196	0.3343678 0.9068663 -0.2564989 0.004613852	-0.8690609 0.401984 0.2883437 -0.02494965	0 0 0 1	
-0.3879042 -0.1291004 -0.9126134 -0.2029916	0.3399348 0.9003018 -0.2718473 0.003666062	-0.8567231 0.4156798 0.3053452 -0.02194032	0 0 0 1	
-0.4112744 -0.1321957 -0.9018745 -0.2169908	0.3431333 0.8941907 -0.2875457 0.002260149	-0.8444601 0.4277233 0.322397 -0.01864617	0 0 0 1	
-0.4331095 -0.1349398 -0.8911831 -0.2310174	0.3439485 0.8891689 -0.3017917 0.0007158183	-0.8331359 0.4372299 0.3386952 -0.0153763	0 0 0 1	
-0.4544253 -0.1373924 -0.8801256 -0.2450702	0.3425325 0.8851154 -0.3150273 -0.00105077	-0.822295 0.4446281 0.3551575 -0.01190514	0 0 0 1	
-0.4761348 -0.1391784 -0.8682889 -0.2591183	0.3387409 0.8821701 -0.3271553 -0.003075246	-0.8115115 0.4498949 0.3728865 -0.007944368	0 0 0 1	
-0.4965836 -0.1388885 -0.856805 -0.271492	0.3327234 0.8812532 -0.3356901 -0.002810117	-0.8016857 0.4517772 0.3914045 -0.002650112	0 0 0 1	
-0.5147114 -0.1391526 -0.8459957 -0.2851339	0.3246268 0.881644 -0.3425221 -0.004492041	-0.7935299 0.4509329 0.4086195 0.00126569	0 0 0 1	
-0.5316563 -0.1399974 -0.8353097 -0.2987273	0.3149635 0.8828334 -0.3484297 -0.0063155	-0.7862185 0.4483369 0.4252698 0.005263232	0 0 0 1	
-0.5478358 -0.1408071 -0.8246509 -0.31222	0.3050554 0.8842407 -0.3536376 -0.008192137	-0.7789846 0.4452996 0.4414648 0.009658352	0 0 0 1	
-0.5628662 -0.1413159 -0.8143781 -0.3255589	0.2960784 0.8854218 -0.3582817 -0.01001837	-0.771699 0.4427844 0.4565334 0.01444563	0 0 0 1	
-0.5769008 -0.1403553 -0.804665 -0.3357111	0.2894631 0.8860628 -0.3620826 -0.0102949	-0.763804 0.4418066 0.4705427 0.02004792	0 0 0 1	
-0.5879076 -0.1417371 -0.7964143 -0.3486726	0.283824 0.8857971 -0.3671614 -0.0121007	-0.7575018 0.4418983 0.4805384 0.02481531	0 0 0 1	
-0.5975311 -0.1436877 -0.7888669 -0.3615584	0.2791572 0.8849899 -0.3726449 -0.01409402	-0.7516837 0.4428847 0.4886976 0.02960715	0 0 0 1	
-0.6064445 -0.1447274 -0.7818434 -0.374261	0.2743905 0.8847982 -0.3766191 -0.01582078	-0.7462807 0.442929 0.4968691 0.03473474	0 0 0 1	
-0.6143287 -0.144588 -0.7756902 -0.3867641	0.2687234 0.8859627 -0.3779654 -0.0169258	-0.7418818 0.4406409 0.5054182 0.04010773	0 0 0 1	
-0.6213531 -0.144156 -0.7701554 -0.3991033	0.263849 0.8870269 -0.3789023 -0.01773001	-0.7377695 0.4386369 0.5131215 0.04579447	0 0 0 1	
-0.6279641 -0.1446171 -0.7646875 -0.4088741	0.2616452 0.8861555 -0.382453 -0.01769188	-0.7329413 0.4402436 0.5186355 0.0531071	0 0 0 1	
-0.6318673 -0.1489402 -0.7606322 -0.4211173	0.2622814 0.8823793 -0.3906602 -0.02055731	-0.729351 0.4463449 0.5184824 0.05779457	0 0 0 1	
-0.6331079 -0.1554628 -0.7582914 -0.4333835	0.2652303 0.8767532 -0.401194 -0.02437985	-0.7272052 0.4551209 0.5138459 0.0610446	0 0 0 1	
-0.6325769 -0.1614734 -0.7574781 -0.4454361	0.2697636 0.8708448 -0.4109221 -0.02793669	-0.7259989 0.4642798 0.5073167 0.06341809	0 0 0 1	
-0.6317778 -0.1649798 -0.7573894 -0.4570316	0.2747127 0.8660148 -0.4177934 -0.03042542	-0.7248378 0.4720171 0.5018069 0.06584199	0 0 0 1	
-0.6319119 -0.1661569 -0.7570202 -0.4680816	0.2785201 0.8628171 -0.4218687 -0.03208952	-0.7232664 0.4774291 0.4989463 0.0689237	0 0 0 1	
-0.6335202 -0.1652728 -0.7558685 -0.476092	0.2808598 0.8611626 -0.4236941 -0.03212918	-0.7209508 0.4807118 0.4991455 0.07406628	0 0 0 1	
-0.6354867 -0.1643923 -0.7544084 -0.4860454	0.2826682 0.8597054 -0.425447 -0.03341679	-0.7185093 0.4836132 0.499863 0.07837194	0 0 0 1	
-0.6371844 -0.1628578 -0.7533084 -0.4955462	0.2855822 0.857951 -0.4270396 -0.03454421	-0.7158484 0.4872344 0.5001637 0.08272231	0 0 0 1	
-0.6385028 -0.1602715 -0.7527468 -0.5045689	0.2897946 0.8560215 -0.4280728 -0.03529045	-0.7129753 0.4914675 0.5001265 0.08712092	0 0 0 1	
-0.6395313 -0.1567647 -0.7526119 -0.5131265	0.2939668 0.8547187 -0.427831 -0.03556803	-0.7103403 0.4948542 0.5005357 0.09156489	0 0 0 1	
-0.63976 -0.1531114 -0.7531695 -0.5213526	0.29695 0.8546166 -0.4259709 -0.03532696	-0.7088922 0.4961728 0.501283 0.09561984	0 0 0 1	
-0.6393201 -0.1499669 -0.7541751 -0.5310804	0.2977437 0.8560053 -0.4226153 -0.03472114	-0.7089562 0.4947372 0.5026097 0.09623048	0 0 0 1	
-0.6397029 -0.1469829 -0.7544376 -0.5386925	0.2967165 0.8582355 -0.4187973 -0.03414649	-0.7090411 0.49176 0.5054035 0.1003576	0 0 0 1	
-0.6424627 -0.1425875 -0.7529346 -0.5455204	0.2940415 0.861459 -0.4140386 -0.03339077	-0.7076591 0.4873983 0.5115287 0.1063462	0 0 0 1	
-0.6471893 -0.1364516 -0.7500179 -0.5514551	0.2904416 0.8655115 -0.408085 -0.03216757	-0.7048331 0.4819447 0.5205185 0.1140403	0 0 0 1	
-0.6523318 -0.131223 -0.7464877 -0.5569004	0.2858068 0.8696032 -0.4026225 -0.03135701	-0.7019814 0.4759947 0.5297654 0.1219755	0 0 0 1	
-0.6575909 -0.1283061 -0.742369 -0.5620878	0.2795465 0.8734871 -0.3985901 -0.03163676	-0.6995912 0.4696359 0.5385296 0.129651	0 0 0 1	
-0.6634734 -0.1272128 -0.7373058 -0.5669652	0.2720074 0.8770001 -0.3960844 -0.03300663	-0.6970043 0.4633442 0.5472634 0.1375432	0 0 0 1	
-0.6686972 -0.1267894 -0.732645 -0.572669	0.2644939 0.8803399 -0.393757 -0.03213401	-0.6949008 0.4570843 0.5551459 0.1418265	0 0 0 1	
-0.6731954 -0.1266484 -0.7285383 -0.5772974	0.2583122 0.8828807 -0.3921689 -0.03315479	-0.69288 0.4521967 0.5616364 0.1493441	0 0 0 1	
-0.6791118 -0.1230479 -0.7236484 -0.5809686	0.2524318 0.8865709 -0.3876469 -0.03230396	-0.6892648 0.4459274 0.5710198 0.1588922	0 0 0 1	
-0.6892679 -0.1169121 -0.7150116 -0.5831547	0.2435128 0.8920962 -0.3806126 -0.03041653	-0.6823573 0.4364585 0.5864236 0.1721119	0 0 0 1	
-0.7027234 -0.1082636 -0.7031779 -0.5838605	0.2312177 0.8999521 -0.3696278 -0.02662454	-0.6728436 0.4223332 0.6073849 0.1883467	0 0 0 1	
-0.718227 -0.09724231 -0.6889806 -0.5829403	0.2157477 0.9102613 -0.3533797 -0.01876426	-0.6615158 0.4024528 0.6327945 0.2059344	0 0 0 1	
-0.7347782 -0.08706635 -0.6726965 -0.5811918	0.1968721 0.9216639 -0.3343308 -0.01075085	-0.6491091 0.3780941 0.6600776 0.2247552	0 0 0 1	
-0.7518137 -0.079401 -0.6545777 -0.5786961	0.175346 0.9329033 -0.3145554 -0.002378084	-0.6356338 0.3512646 0.6874468 0.243684	0 0 0 1	
-0.7685243 -0.07201593 -0.6357552 -0.5753913	0.1557138 0.9427176 -0.2950199 0.006736629	-0.6205838 0.3257257 0.7132875 0.2627003	0 0 0 1	
-0.7856338 -0.06445779 -0.6153248 -0.5708625	0.1392103 0.9506376 -0.277324 0.01579521	-0.6028267 0.3035346 0.7378799 0.2825933	0 0 0 1	
-0.8009641 -0.05641522 -0.5960488 -0.5659184	0.12681 0.9569782 -0.2609827 0.02511153	-0.5851291 0.2846227 0.7593511 0.3016044	0 0 0 1	
-0.8132976 -0.04724484 -0.5799267 -0.5618494	0.1201896 0.9615608 -0.246891 0.03407923	-0.5692992 0.270497 0.7763569 0.3177466	0 0 0 1	
-0.8227159 -0.03751267 -0.5672137 -0.5578388	0.1184708 0.9645949 -0.2356296 0.04302543	-0.5559706 0.2610545 0.7891433 0.3332193	0 0 0 1	
-0.83 -0.02804397 -0.5570579 -0.5545363	0.1198383 0.9664444 -0.2272093 0.05122929	-0.5447373 0.2553406 0.7987881 0.3473538	0 0 0 1	
-0.8366876 -0.01977835 -0.5473235 -0.5514928	0.1212181 0.9678754 -0.2202804 0.05893071	-0.5340977 0.2506514 0.8074118 0.3612021	0 0 0 1	
-0.843711 -0.01248325 -0.5366524 -0.5481303	0.1215195 0.9693343 -0.2135978 0.06676871	-0.5228621 0.2454286 0.8163211 0.3754791	0 0 0 1	
-0.8515817 -0.006876163 -0.5241768 -0.5441775	0.1195191 0.9710323 -0.2069096 0.07472586	-0.5104153 0.2388496 0.8260915 0.3904229	0 0 0 1	
-0.8607079 -0.003131077 -0.5090902 -0.5456481	0.1149207 0.9729758 -0.2002781 0.08316858	-0.4959595 0.2308858 0.8370881 0.4072792	0 0 0 1	
-0.8696412 0.001240287 -0.493683 -0.5403773	0.1104068 0.9751577 -0.1920359 0.09338798	-0.4811807 0.2215083 0.8481742 0.4236074	0 0 0 1	
-0.8795776 0.003800169 -0.4757405 -0.5340844	0.104045 0.9772988 -0.1845581 0.1036564	-0.4642392 0.2118316 0.8600056 0.4412339	0 0 0 1	
-0.8880793 0.005774315 -0.4596541 -0.5285034	0.09830701 0.979174 -0.1776344 0.1148833	-0.4490556 0.2029406 0.8701518 0.4579012	0 0 0 1	
-0.8947531 0.009147014 -0.4464677 -0.5237096	0.09458059 0.9809902 -0.1694482 0.1287875	-0.4364305 0.1938414 0.8786092 0.4731304	0 0 0 1	
-0.9011747 0.01405171 -0.433229 -0.5182317	0.09257777 0.9826516 -0.1607021 0.1449463	-0.423455 0.184928 0.8868415 0.4886919	0 0 0 1	
-0.9066093 0.01969194 -0.4215114 -0.5169219	0.09199046 0.9841084 -0.151883 0.1627345	-0.411822 0.1764735 0.8940133 0.5045065	0 0 0 1	
-0.9106917 0.0250505 -0.4123273 -0.5129341	0.09135993 0.9856559 -0.1419007 0.1829543	-0.4028581 0.1668979 0.8999172 0.5179755	0 0 0 1	
-0.9139266 0.02820011 -0.4048989 -0.5104944	0.08861239 0.9873817 -0.1312449 0.2045472	-0.3960886 0.1558273 0.9048932 0.5299708	0 0 0 1	
-0.9167125 0.02831424 -0.3985431 -0.5096852	0.08392687 0.9888775 -0.122791 0.2253362	-0.3906336 0.1460125 0.9088928 0.5414727	0 0 0 1	
-0.9200137 0.02633419 -0.3910006 -0.5089953	0.07839206 0.9899405 -0.1177811 0.2443967	-0.3839657 0.1390115 0.9128232 0.55429	0 0 0 1	
-0.9233778 0.02581935 -0.383024 -0.5074573	0.07495797 0.9906574 -0.113926 0.2639817	-0.3765041 0.1339074 0.9166864 0.5679877	0 0 0 1	
-0.9263728 0.02660448 -0.3756676 -0.5050564	0.07245201 0.9914584 -0.1084478 0.2845855	-0.3695737 0.1276809 0.9203876 0.5782336	0 0 0 1	
-0.9294845 0.02450508 -0.3680463 -0.5042743	0.06699347 0.992411 -0.1031128 0.3062399	-0.3627264 0.1204984 0.9240723 0.5904638	0 0 0 1	
-0.9321642 0.02058782 -0.3614501 -0.5049699	0.06058733 0.993173 -0.099682 0.3270218	-0.3569303 0.1148193 0.9270477 0.6023421	0 0 0 1	
-0.9346 0.01452875 -0.3554039 -0.5071967	0.05320515 0.9936348 -0.0992934 0.345926	-0.3516991 0.1117089 0.929424 0.614638	0 0 0 1	
-0.9366938 0.0086648 -0.3500424 -0.5099975	0.04714028 0.9937133 -0.1015468 0.3635474	-0.3469619 0.1116193 0.9312136 0.6276628	0 0 0 1	
-0.9395069 0.004590863 -0.3424999 -0.5105907	0.04271702 0.9936745 -0.1038573 0.3819241	-0.3398566 0.1122052 0.9337602 0.6420378	0 0 0 1	
-0.9427842 0.003008291 -0.3333901 -0.5070585	0.0397465 0.9938422 -0.1034302 0.4012744	-0.331026 0.1107635 0.9370983 0.6562449	0 0 0 1	
-0.9453638 -0.0006071515 -0.3260175 -0.5073564	0.03386863 0.9944046 -0.1000619 0.4247365	-0.3242541 0.1056366 0.9400535 0.6672493	0 0 0 1	
-0.947247 -0.00912807 -0.3203751 -0.5119219	0.02333714 0.9949766 -0.0973492 0.4469513	-0.3196543 0.09969035 0.9422756 0.6762801	0 0 0 1	
-0.9493008 -0.02077359 -0.3136826 -0.5181529	0.01076693 0.9950805 -0.09848315 0.4656407	-0.3141853 0.09686752 0.944407 0.6869149	0 0 0 1	
-0.9523331 -0.02962233 -0.3036186 -0.5207464	0.001285713 0.9948757 -0.1010971 0.4837666	-0.3050575 0.0966685 0.947415 0.7005141	0 0 0 1	
-0.955982 -0.03285557 -0.2915808 -0.5183464	-0.003475092 0.9949093 -0.1007138 0.5055095	-0.2934055 0.09526724 0.9512296 0.7144744	0 0 0 1	
-0.9578717 -0.03051583 -0.285571 -0.514349	-0.00305223 0.9953645 -0.09612577 0.5303602	-0.2871806 0.09120451 0.9535246 0.7259132	0 0 0 1	
-0.9574265 -0.02945894 -0.2871704 -0.5183355	-0.003694952 0.9959486 -0.08984892 0.5580379	-0.2886538 0.08496265 0.9536564 0.7298009	0 0 0 1	
-0.9561623 -0.03251099 -0.2910272 -0.5269508	-0.008183688 0.9963965 -0.08442132 0.5840208	-0.2927232 0.0783388 0.9529828 0.7315911	0 0 0 1	
-0.9554226 -0.0393855 -0.2926025 -0.5368568	-0.01681562 0.9967126 -0.07925427 0.6085497	-0.2947621 0.07080103 0.9529442 0.7331687	0 0 0 1	
-0.9554735 -0.04621787 -0.291435 -0.5449075	-0.02605204 0.9970134 -0.07270168 0.6338266	-0.2939247 0.06187205 0.953824 0.7345569	0 0 0 1	
-0.9557533 -0.05199399 -0.2895378 -0.5516952	-0.03468051 0.9973075 -0.06461328 0.6601632	-0.2921177 0.05171303 0.9549832 0.7348575	0 0 0 1	
-0.9557697 -0.05591081 -0.288754 -0.5570915	-0.04137696 0.9975618 -0.05619893 0.6862403	-0.2911921 0.04176546 0.9557528 0.7367524	0 0 0 1	
-0.9554756 -0.05742784 -0.2894281 -0.5623345	-0.04497955 0.9977615 -0.04948529 0.7119396	-0.291622 0.03426364 0.9559197 0.7368869	0 0 0 1	
-0.9551514 -0.05795747 -0.2903916 -0.5669031	-0.04654872 0.9978541 -0.0460483 0.7352031	-0.2924373 0.03046573 0.9557996 0.7394396	0 0 0 1	
-0.9546846 -0.05867923 -0.291778 -0.5719013	-0.04773134 0.9978682 -0.04450567 0.7566249	-0.2937675 0.02856192 0.9554503 0.7429897	0 0 0 1	
-0.9547684 -0.05985759 -0.291264 -0.5756958	-0.04960382 0.9978656 -0.04246895 0.7777748	-0.2931844 0.0261002 0.9556998 0.7467751	0 0 0 1	
-0.9557314 -0.05988297 -0.2880833 -0.5761296	-0.05098646 0.9979649 -0.03829364 0.8003886	-0.2897901 0.02191009 0.9568396 0.7501751	0 0 0 1	
-0.9573102 -0.05698519 -0.2833903 -0.5719188	-0.05025457 0.9982561 -0.03097004 0.8240899	-0.2846609 0.01540628 0.9585046 0.7500517	0 0 0 1	
-0.9593554 -0.05473348 -0.2768423 -0.5667743	-0.05011993 0.9984615 -0.02371911 0.8487271	-0.2777146 0.00887974 0.9606225 0.7520971	0 0 0 1	
-0.9622636 -0.05301937 -0.266904 -0.5590036	-0.05008451 0.9985864 -0.01779639 0.8714913	-0.2674702 0.003757062 0.9635589 0.7566465	0 0 0 1	
-0.9655627 -0.05170863 -0.2549809 -0.5495403	-0.0497585 0.9986618 -0.01409713 0.8915507	-0.2553686 0.0009241998 0.9668435 0.763899	0 0 0 1	
-0.967847 -0.05200266 -0.246107 -0.5436648	-0.05122197 0.9986414 -0.009577151 0.9109485	-0.2462706 -0.003336868 0.9691957 0.7678978	0 0 0 1	
-0.969376 -0.05591449 -0.2391322 -0.5428497	-0.05727822 0.9983575 -0.001248394 0.9314989	-0.2388092 -0.0124869 0.9709864 0.765604	0 0 0 1	
-0.9701786 -0.05931139 -0.2350226 -0.5433598	-0.06345913 0.9979331 0.01011771 0.9519882	-0.2339368 -0.02473032 0.9719372 0.7565511	0 0 0 1	
-0.9693242 -0.06047586 -0.2382297 -0.5481435	-0.06783942 0.9974351 0.02282522 0.9745842	-0.2362383 -0.0382864 0.9709407 0.7435766	0 0 0 1	
-0.9663872 -0.05956429 -0.2500958 -0.5580111	-0.07023856 0.9969518 0.03396668 0.9954184	-0.2473102 -0.05039133 0.9676251 0.7274875	0 0 0 1	
-0.9620728 -0.06127001 -0.2658227 -0.5738934	-0.07451057 0.9964175 0.04000445 1.010523	-0.2624193 -0.05829379 0.9631915 0.7136095	0 0 0 1	
-0.9577929 -0.06508247 -0.2799949 -0.5907514	-0.07961173 0.9959897 0.04082244 1.020237	-0.2762152 -0.06139031 0.9591331 0.7054147	0 0 0 1	
-0.954845 -0.07010057 -0.2887163 -0.6043058	-0.08375835 0.9958639 0.03520969 1.024109	-0.2850539 -0.05780219 0.9567671 0.7072524	0 0 0 1	
-0.9523989 -0.07290395 -0.2960102 -0.614209	-0.08473215 0.9960294 0.02731091 1.02641	-0.2928437 -0.05109245 0.9547945 0.7132548	0 0 0 1	
-0.9505526 -0.07464661 -0.3014593 -0.6243144	-0.08434051 0.996251 0.01925074 1.033982	-0.2988922 -0.04372407 0.9532847 0.7175796	0 0 0 1	
-0.9484118 -0.07544266 -0.3079344 -0.6312653	-0.08350731 0.9964213 0.0130763 1.03702	-0.3058459 -0.03811649 0.9513179 0.7223169	0 0 0 1	
-0.9461881 -0.07414144 -0.3150097 -0.6362691	-0.08055133 0.9967233 0.007359187 1.040277	-0.3134319 -0.03233763 0.94906 0.7267367	0 0 0 1	
-0.9436131 -0.07187643 -0.3231538 -0.6410082	-0.07573269 0.997128 -0.0006425902 1.04127	-0.3222719 -0.02386695 0.9463464 0.7334191	0 0 0 1	
-0.9411811 -0.06963026 -0.3306506 -0.6452044	-0.07031567 0.9974756 -0.00990386 1.040414	-0.3305055 -0.01392859 0.9437013 0.7419094	0 0 0 1	
-0.9397309 -0.06611071 -0.3354627 -0.6492299	-0.06396318 0.9977995 -0.01745961 1.051315	-0.3358788 -0.005049928 0.9418917 0.7504831	0 0 0 1	
-0.9375869 -0.06182964 -0.3422101 -0.6503093	-0.05683895 0.9980801 -0.02460324 1.051684	-0.3430744 0.00361681 0.9393013 0.7575965	0 0 0 1	
-0.9348394 -0.05824762 -0.3502606 -0.6532511	-0.04985677 0.9982132 -0.03293397 1.050067	-0.3515531 0.01332511 0.9360731 0.7648895	0 0 0 1	
-0.9320134 -0.05533541 -0.3581749 -0.6568491	-0.04318065 0.9981903 -0.041852 1.04695	-0.3598426 0.0235404 0.9327161 0.7726023	0 0 0 1	
-0.9295518 -0.05335779 -0.3648101 -0.660437	-0.03771469 0.9980431 -0.04987697 1.043583	-0.3667575 0.03260452 0.9297451 0.7795767	0 0 0 1	
-0.9269454 -0.05211312 -0.3715598 -0.6649246	-0.03365447 0.9978636 -0.05599618 1.041107	-0.3736842 0.03940074 0.926719 0.7836849	0 0 0 1	
-0.9235934 -0.05057724 -0.3800229 -0.6732779	-0.02954291 0.9977014 -0.06098411 1.04989	-0.3822338 0.04509753 0.9229647 0.7866382	0 0 0 1	
-0.9196801 -0.05037392 -0.3894237 -0.6812545	-0.02651066 0.9974399 -0.06641512 1.047278	-0.3917723 0.05075678 0.9186611 0.7873421	0 0 0 1	
-0.9165796 -0.05437763 -0.3961379 -0.692059	-0.02725519 0.9969019 -0.07378142 1.041169	-0.3989227 0.05682972 0.915222 0.7900146	0 0 0 1	
-0.9139838 -0.05822816 -0.4015512 -0.7016633	-0.02777392 0.9963062 -0.08125532 1.034633	-0.4047994 0.06311338 0.912225 0.7937577	0 0 0 1	
-0.9121259 -0.06011789 -0.4054776 -0.707764	-0.02670864 0.9958011 -0.08756047 1.029513	-0.409039 0.06903642 0.9099016 0.7981771	0 0 0 1	
-0.9120039 -0.06208502 -0.4054563 -0.7107072	-0.02692543 0.9954082 -0.09185664 1.025849	-0.4092974 0.07285651 0.9094877 0.8029212	0 0 0 1	
-0.9151165 -0.06322363 -0.3982013 -0.708629	-0.02877792 0.9953523 -0.0918998 1.031883	-0.4021609 0.07263964 0.9126829 0.8092464	0 0 0 1	
-0.9199235 -0.06148974 -0.3872463 -0.6980198	-0.03139582 0.9960071 -0.08357076 1.040439	-0.3908389 0.06472079 0.9181809 0.8082797	0 0 0 1	
-0.9244318 -0.06018627 -0.3765678 -0.6880335	-0.03677807 0.9969349 -0.06905257 1.054216	-0.3795696 0.04998496 0.9238119 0.7991016	0 0 0 1	
-0.9277399 -0.06025455 -0.3683317 -0.6816863	-0.04289385 0.9975564 -0.05514862 1.066958	-0.3707545 0.0353644 0.9280574 0.7880238	0 0 0 1	
-0.9304343 -0.06171518 -0.3612248 -0.6779414	-0.04774973 0.9977307 -0.04746946 1.073872	-0.3633347 0.02691882 0.9312698 0.782977	0 0 0 1	
-0.9326588 -0.06374772 -0.355083 -0.6757275	-0.05079431 0.9976633 -0.04569354 1.075508	-0.3571662 0.02458027 0.9337174 0.7840905	0 0 0 1	
-0.9351597 -0.06244245 -0.3486793 -0.6699115	-0.04933461 0.9977059 -0.04635623 1.080657	-0.350774 0.02614852 0.936095 0.7893967	0 0 0 1	
-0.9392655 -0.05934957 -0.3380206 -0.6575532	-0.04583252 0.997803 -0.04783815 1.081252	-0.3401171 0.02944039 0.9399221 0.7994608	0 0 0 1	
-0.9444333 -0.0594939 -0.3232743 -0.6455148	-0.04542439 0.9976701 -0.05090098 1.079234	-0.3255495 0.03338804 0.9449354 0.8123071	0 0 0 1	
-0.9479491 -0.06044151 -0.312633 -0.6378589	-0.04618457 0.9975357 -0.05281574 1.077845	-0.3150549 0.03562781 0.9484044 0.8203886	0 0 0 1	
-0.9480971 -0.05412661 -0.313341 -0.631138	-0.03910983 0.9977738 -0.05401843 1.079845	-0.3155673 0.03896 0.9481033 0.8231598	0 0 0 1	
-0.9475329 -0.04807223 -0.3160226 -0.6263752	-0.03064217 0.9977341 -0.05989712 1.077814	-0.318186 0.04707088 0.946859 0.8301852	0 0 0 1	
-0.9478272 -0.04814021 -0.3151291 -0.6277407	-0.02708409 0.9971184 -0.07086128 1.07452	-0.3176323 0.05862926 0.9463998 0.8444966	0 0 0 1	
-0.9489694 -0.05066139 -0.3112726 -0.6277732	-0.0272942 0.9965028 -0.07897533 1.067914	-0.3141851 0.06644924 0.9470334 0.854476	0 0 0 1	
-0.950793 -0.05477151 -0.3049471 -0.6276165	-0.03045891 0.9960064 -0.0839249 1.063788	-0.308326 0.07050685 0.9486643 0.8613966	0 0 0 1	
-0.952457 -0.05765159 -0.2991694 -0.6263429	-0.03358474 0.9958168 -0.08497666 1.063609	-0.302817 0.07088907 0.9504088 0.8637704	0 0 0 1	
-0.9534184 -0.05621016 -0.2963689 -0.6220567	-0.03420565 0.9962939 -0.07892045 1.070894	-0.2997067 0.06510668 0.9518076 0.8576148	0 0 0 1	
-0.9547206 -0.04809642 -0.2935903 -0.6091673	-0.03058667 0.9974846 -0.06394528 1.087224	-0.2959274 0.05206992 0.9537902 0.8434082	0 0 0 1	
-0.9567223 -0.03258331 -0.2891733 -0.5876645	-0.02097202 0.9988479 -0.0431623 1.114721	-0.2902465 0.03522978 0.9563034 0.8285605	0 0 0 1	
-0.9587424 -0.01893621 -0.2836455 -0.5652255	-0.01288478 0.9996482 -0.02318515 1.135284	-0.2839847 0.01857387 0.958649 0.811247	0 0 0 1	
-0.9603095 -0.01709682 -0.2784133 -0.557833	-0.01505622 0.9998419 -0.009466104 1.146876	-0.278531 0.004898537 0.960415 0.7969542	0 0 0 1	
-0.9605404 -0.0257168 -0.2769486 -0.5668565	-0.0257168 0.9996627 -0.00363279 1.148943	-0.2769486 -0.00363279 0.9608778 0.7867576	0 0 0 1	
-0.9587919 -0.03805789 -0.2815496 -0.5857346	-0.03887955 0.9992403 -0.00266947 1.145972	-0.2814373 -0.008387057 0.9595432 0.7780392	0 0 0 1	
-0.9554075 -0.04607839 -0.2916735 -0.6038638	-0.04681268 0.9988937 -0.004464713 1.142237	-0.2915565 -0.009388395 0.9565076 0.770945	0 0 0 1	
-0.9513227 -0.0460883 -0.3047322 -0.6172547	-0.0460883 0.9989114 -0.007197471 1.141941	-0.3047322 -0.007197471 0.9524113 0.7682227	0 0 0 1	
-0.9482487 -0.04218612 -0.3147143 -0.6206055	-0.04218612 0.9990866 -0.006814619 1.143762	-0.3147143 -0.006814619 0.9491622 0.7629391	0 0 0 1	
-0.9464107 -0.04165341 -0.320269 -0.6245307	-0.04165341 0.9991086 -0.006853791 1.144099	-0.320269 -0.006853791 0.9473021 0.7596604	0 0 0 1	
-0.9454716 -0.04426288 -0.3226826 -0.6298113	-0.04403694 0.9989978 -0.008004263 1.142537	-0.3227135 -0.006642152 0.9464734 0.7584201	0 0 0 1	
-0.944514 -0.04548718 -0.3253067 -0.6335287	-0.04548718 0.9989359 -0.007609759 1.142595	-0.3253067 -0.007609759 0.9455781 0.7556324	0 0 0 1	
-0.9431473 -0.04367517 -0.329493 -0.6346728	-0.04385765 0.9990141 -0.006882951 1.14375	-0.3294687 -0.007959151 0.9441329 0.752575	0 0 0 1	
-0.9422021 -0.04120094 -0.3325022 -0.635301	-0.04211438 0.9991028 -0.004462281 1.146529	-0.3323877 -0.009798754 0.9430919 0.7511566	0 0 0 1	
-0.9419101 -0.03975616 -0.3335042 -0.6341367	-0.04144907 0.9991385 -0.002040811 1.148947	-0.333298 -0.01190118 0.9427466 0.7480491	0 0 0 1	
-0.9419948 -0.03925878 -0.3333236 -0.6331474	-0.04098463 0.999158 -0.001855304 1.149382	-0.3331158 -0.01191346 0.9428108 0.7481916	0 0 0 1	
-0.9425712 -0.04080503 -0.3315035 -0.6332859	-0.04156648 0.9991242 -0.004796112 1.146603	-0.3314089 -0.009258758 0.9434419 0.7525491	0 0 0 1	
-0.9435506 -0.04246523 -0.3284951 -0.6325509	-0.04176529 0.9990852 -0.009189542 1.142454	-0.3285848 -0.005048892 0.944461 0.7594696	0 0 0 1	
-0.9443995 -0.04158944 -0.3261594 -0.62922	-0.0392744 0.9991348 -0.01368266 1.138914	-0.3264463 0.0001121815 0.9452158 0.76706	0 0 0 1	
-0.9446949 -0.03949858 -0.3255636 -0.6261275	-0.03556506 0.9992048 -0.01802733 1.134377	-0.3260168 0.00545163 0.9453485 0.7773568	0 0 0 1	
-0.9451251 -0.03873452 -0.3244044 -0.6238902	-0.03392119 0.9992146 -0.02048163 1.13248	-0.324943 0.008353513 0.9456968 0.7815309	0 0 0 1	
-0.9451883 -0.03961774 -0.3241138 -0.6244248	-0.03407468 0.9991601 -0.02276199 1.130141	-0.3247434 0.0104703 0.9457443 0.7841836	0 0 0 1	
-0.9447114 -0.04067435 -0.3253703 -0.62647	-0.03457274 0.9991015 -0.02451526 1.128159	-0.326075 0.0119109 0.9452689 0.7850627	0 0 0 1	
-0.9437503 -0.04158086 -0.3280343 -0.6294999	-0.03516579 0.9990569 -0.02546659 1.126974	-0.3287839 0.01249851 0.9443226 0.7840647	0 0 0 1	
-0.9423747 -0.04254811 -0.3318428 -0.6335481	-0.03580002 0.9990095 -0.02642496 1.125831	-0.3326384 0.01302223 0.9429646 0.782314	0 0 0 1	
-0.9404218 -0.04408509 -0.3371402 -0.640789	-0.03623161 0.9989063 -0.02955412 1.121965	-0.3380744 0.01557821 0.9409906 0.7841349	0 0 0 1	
-0.9395065 -0.04594626 -0.3394356 -0.6447245	-0.03693526 0.9987738 -0.03296357 1.118405	-0.3405339 0.01843235 0.9400516 0.7861404	0 0 0 1	
-0.9396172 -0.0504816 -0.3384837 -0.6492174	-0.04057814 0.9985176 -0.03627606 1.114125	-0.3398132 0.02035057 0.9402727 0.788951	0 0 0 1	
-0.9397279 -0.05255608 -0.3378601 -0.6509752	-0.04223824 0.9983914 -0.03782358 1.111946	-0.3393044 0.02127325 0.940436 0.7903613	0 0 0 1	
-0.9399052 -0.05129133 -0.3375615 -0.6488847	-0.04083162 0.9984425 -0.03801856 1.11212	-0.3389857 0.02195066 0.9405355 0.7913307	0 0 0 1	
-0.939846 -0.04993311 -0.3379298 -0.6472178	-0.03930848 0.9984961 -0.03821533 1.112322	-0.3393297 0.02263301 0.9403954 0.7918866	0 0 0 1	
-0.9392941 -0.04924218 -0.3395618 -0.6486411	-0.03820157 0.9985037 -0.03912688 1.111523	-0.3409804 0.02377984 0.9397697 0.792188	0 0 0 1	
-0.9391561 -0.04923814 -0.339944 -0.6486863	-0.03816148 0.9985025 -0.03919712 1.111402	-0.3413649 0.02383944 0.9396286 0.7919469	0 0 0 1	
-0.9390593 -0.04901826 -0.3402425 -0.6483864	-0.03794047 0.9985132 -0.03913983 1.111462	-0.3416552 0.02384566 0.9395227 0.7916878	0 0 0 1	
-0.9388987 -0.04862407 -0.340742 -0.6480187	-0.03754762 0.9985323 -0.0390304 1.111629	-0.3421398 0.02385153 0.9393464 0.7913022	0 0 0 1	
-0.9386579 -0.04821327 -0.3414631 -0.6477989	-0.03710289 0.9985502 -0.03899822 1.111733	-0.3428482 0.02393672 0.9390858 0.7908753	0 0 0 1	
-0.9384041 -0.04783991 -0.3422131 -0.6476433	-0.03675422 0.9985704 -0.0388098 1.11195	-0.3435806 0.02384149 0.9388208 0.7902032	0 0 0 1	
-0.9370128 -0.04881942 -0.3458668 -0.6521075	-0.03751369 0.9985226 -0.03931134 1.110593	-0.347275 0.02386048 0.9374598 0.7874791	0 0 0 1	
-0.9360794 -0.04805931 -0.3484913 -0.6532235	-0.0364835 0.9985451 -0.03970814 1.110493	-0.3498926 0.02445579 0.9364707 0.786418	0 0 0 1	
-0.9346908 -0.04411273 -0.3527143 -0.6517994	-0.03150242 0.9986452 -0.04141583 1.110456	-0.3540635 0.02759963 0.9348142 0.7874783	0 0 0 1	
-0.9335686 -0.04052078 -0.3561013 -0.6500463	-0.02638501 0.9986624 -0.04446593 1.109101	-0.3574268 0.03211625 0.9333889 0.790689	0 0 0 1	
-0.9334116 -0.03889568 -0.3566935 -0.6483433	-0.0244716 0.9986933 -0.04486424 1.109245	-0.3579725 0.03314793 0.9331437 0.7914467	0 0 0 1	
-0.9339887 -0.03407513 -0.3556744 -0.641392	-0.02101648 0.9989579 -0.04051588 1.114403	-0.3566844 0.03036634 0.9337314 0.7887166	0 0 0 1	
-0.9341 -0.02468846 -0.3561568 -0.6307848	-0.01303573 0.9992994 -0.03508142 1.120883	-0.3567734 0.02812679 0.9337676 0.7866825	0 0 0 1	
-0.9347551 -0.01526058 -0.3549654 -0.6179254	-0.005259333 0.999562 -0.02912314 1.128713	-0.3552543 0.02535612 0.934426 0.784119	0 0 0 1	
-0.9355791 -0.009593862 -0.3529875 -0.609059	-0.001443075 0.9997264 -0.0233468 1.135193	-0.3531148 0.02133338 0.9353369 0.7804083	0 0 0 1	
-0.9365427 -0.007495211 -0.3504737 -0.6041489	-0.0009366807 0.9998213 -0.01887911 1.13953	-0.3505526 0.01735281 0.9363824 0.7769808	0 0 0 1	
-0.937631 -0.004910119 -0.3475973 -0.5983444	0.0004274426 0.9998832 -0.01527725 1.143249	-0.3476317 0.014473 0.9375194 0.775115	0 0 0 1	
-0.9386449 -0.00306828 -0.3448719 -0.5935474	0.001626114 0.9999099 -0.0133219 1.145327	-0.3448818 0.01306533 0.9385554 0.7749798	0 0 0 1	
-0.9389215 -0.004357406 -0.3441041 -0.5942581	0.0006646587 0.999895 -0.0144753 1.143949	-0.3441311 0.01381988 0.93882 0.7780814	0 0 0 1	
-0.9397528 -0.006473813 -0.3417943 -0.5947553	-0.000991066 0.999868 -0.01621327 1.141887	-0.3418541 0.01489772 0.9396352 0.7809038	0 0 0 1	
-0.941149 -0.008830301 -0.3378765 -0.5941452	-0.002684167 0.9998224 -0.01865336 1.139091	-0.3379812 0.01664867 0.9410056 0.7855344	0 0 0 1	
-0.9431622 -0.01010774 -0.3321793 -0.5906622	-0.002652532 0.9997345 -0.02288911 1.135087	-0.3323224 0.02070703 0.9429386 0.7940434	0 0 0 1	
-0.9446642 -0.01019729 -0.3278804 -0.586876	-0.001526468 0.9996426 -0.02669158 1.131718	-0.3280354 0.02471408 0.9443421 0.8015763	0 0 0 1	
-0.9451863 -0.01017817 -0.3263735 -0.5853103	-0.0009066826 0.9995921 -0.02854715 1.130086	-0.3265309 0.02668645 0.9448099 0.8049181	0 0 0 1	
-0.9452187 -0.01117438 -0.3262469 -0.5862095	-0.002478646 0.9996308 -0.02705739 1.131084	-0.3264288 0.0247665 0.9448974 0.8026705	0 0 0 1	
-0.944589 -0.01325176 -0.3279881 -0.5896509	-0.005763536 0.9997003 -0.02379236 1.131667	-0.3282052 0.02058362 0.9443823 0.7970772	0 0 0 1	
-0.9443716 -0.01544992 -0.3285177 -0.5926329	-0.009257838 0.9997489 -0.02040439 1.134101	-0.3287504 0.01622796 0.9442775 0.7914878	0 0 0 1	
-0.9441956 -0.01798963 -0.3288943 -0.5958411	-0.01319805 0.9997718 -0.01679561 1.136418	-0.3291214 0.01151758 0.9442176 0.7855073	0 0 0 1	
-0.9442652 -0.01755661 -0.328718 -0.5948797	-0.0130466 0.9997881 -0.01592077 1.137215	-0.3289278 0.01074477 0.9442942 0.7846992	0 0 0 1	
-0.9453108 -0.01668712 -0.3257434 -0.5909855	-0.0117322 0.9997838 -0.01716974 1.136299	-0.3259594 0.01240905 0.9453022 0.788546	0 0 0 1	
-0.9467925 -0.01586363 -0.3214531 -0.5860242	-0.01001971 0.9997532 -0.01982602 1.134159	-0.3216883 0.01555026 0.9467179 0.7949271	0 0 0 1	
-0.947569 -0.01590427 -0.3191556 -0.5863354	-0.00910354 0.9996989 -0.02278903 1.132053	-0.3194219 0.01868873 0.9474283 0.8006523	0 0 0 1	
-0.9477048 -0.01546574 -0.3187736 -0.585281	-0.008436915 0.9996902 -0.02341862 1.131595	-0.319037 0.01950448 0.9475416 0.8018256	0 0 0 1	
-0.9469672 -0.01496363 -0.3209819 -0.5863412	-0.008159742 0.9997128 -0.0225319 1.13249	-0.3212268 0.01871784 0.9468174 0.7995259	0 0 0 1	
-0.9452922 -0.01457627 -0.3258996 -0.5898538	-0.008173326 0.9997459 -0.02100765 1.133936	-0.326123 0.01719468 0.9451711 0.7947181	0 0 0 1	
-0.9430017 -0.0149797 -0.332451 -0.5957463	-0.009145519 0.9997756 -0.01910687 1.135485	-0.3326626 0.01497738 0.9429271 0.7880588	0 0 0 1	
-0.9404889 -0.01625099 -0.3394364 -0.602552	-0.01091294 0.999785 -0.01762924 1.136597	-0.3396499 0.01287585 0.9404641 0.7809457	0 0 0 1	
-0.9385699 -0.01737322 -0.3446516 -0.6081272	-0.01220512 0.9997783 -0.01715938 1.136703	-0.3448732 0.01189876 0.9385738 0.7765256	0 0 0 1	
-0.9375148 -0.01745856 -0.3475071 -0.6104137	-0.0117975 0.9997611 -0.0183998 1.135627	-0.3477454 0.01315037 0.9374969 0.7762969	0 0 0 1	
-0.9369963 -0.01748461 -0.3489015 -0.611431	-0.01153764 0.9997507 -0.0191158 1.134998	-0.3491488 0.01388593 0.9369645 0.7763186	0 0 0 1	
-0.93692 -0.01718278 -0.349121 -0.6110655	-0.01125222 0.999756 -0.01900819 1.135145	-0.3493624 0.01388077 0.9368849 0.7761291	0 0 0 1	
-0.9372538 -0.01642707 -0.3482605 -0.6092174	-0.01072264 0.9997751 -0.01830109 1.135916	-0.3484827 0.0134185 0.9372191 0.7760348	0 0 0 1	
-0.9378701 -0.01632609 -0.3466022 -0.6075377	-0.01101879 0.99979 -0.01727763 1.136756	-0.3468115 0.01238503 0.9378531 0.7757099	0 0 0 1	
-0.9390334 -0.01805016 -0.3433521 -0.6072738	-0.01286137 0.9997662 -0.01738357 1.13685	-0.3435856 0.01190777 0.9390459 0.7766509	0 0 0 1	
-0.9403262 -0.01986097 -0.3396948 -0.6063116	-0.01414895 0.9997139 -0.01928394 1.134697	-0.3399806 0.01332687 0.9403381 0.7805179	0 0 0 1	
-0.9408964 -0.02157347 -0.338007 -0.6068763	-0.01498174 0.9996435 -0.02209868 1.131788	-0.3383632 0.01572863 0.9408842 0.7843803	0 0 0 1	
-0.9412551 -0.02235137 -0.3369563 -0.6068403	-0.01538735 0.9996095 -0.02332417 1.130504	-0.337346 0.01676913 0.9412315 0.7861842	0 0 0 1	
-0.9414854 -0.02209762 -0.3363286 -0.6058398	-0.015283 0.999621 -0.02289583 1.130942	-0.3367071 0.01641598 0.9414663 0.7860454	0 0 0 1	
-0.9411689 -0.02257103 -0.3371819 -0.6075994	-0.01583852 0.9996167 -0.02270485 1.130438	-0.3375652 0.01602864 0.9411657 0.7863714	0 0 0 1	
-0.941046 -0.0228897 -0.3375038 -0.6081812	-0.01592896 0.9995998 -0.02337945 1.129734	-0.3379038 0.01662505 0.941034 0.7868681	0 0 0 1	
-0.941226 -0.02376549 -0.3369402 -0.6087146	-0.01692338 0.9995869 -0.02322948 1.12953	-0.3373531 0.01616202 0.9412395 0.7866367	0 0 0 1	
-0.9412907 -0.02409493 -0.3367364 -0.6088475	-0.01719859 0.9995771 -0.02344824 1.129195	-0.3371589 0.01628022 0.9413071 0.7868633	0 0 0 1	
-0.9411223 -0.02442456 -0.337183 -0.609535	-0.01751212 0.9995698 -0.02352729 1.128991	-0.3376126 0.01623727 0.9411451 0.7864715	0 0 0 1	
-0.9410002 -0.02393261 -0.3375586 -0.609113	-0.01707956 0.9995836 -0.0232575 1.12933	-0.3379747 0.01611996 0.9410172 0.7860279	0 0 0 1	
-0.941065 -0.02367533 -0.3373966 -0.6087071	-0.01711992 0.9996027 -0.02239195 1.130378	-0.3377927 0.01529608 0.9410963 0.7855939	0 0 0 1	
-0.9410993 -0.02272691 -0.3373655 -0.6073865	-0.01662258 0.9996419 -0.02097214 1.131842	-0.3377213 0.01412898 0.9411401 0.7840949	0 0 0 1	
-0.941072 -0.02186221 -0.3374994 -0.6062975	-0.01614118 0.9996747 -0.01974845 1.133115	-0.3378213 0.01313707 0.9411187 0.7827089	0 0 0 1	
-0.9409888 -0.02113014 -0.3377774 -0.6054764	-0.01558747 0.9996958 -0.01911342 1.133853	-0.3380785 0.01272042 0.9410319 0.7819396	0 0 0 1	
-0.9410458 -0.02071285 -0.3376457 -0.6046901	-0.01528626 0.9997078 -0.01872296 1.134285	-0.3379349 0.01245782 0.9410874 0.7815982	0 0 0 1	
-0.9413038 -0.02057972 -0.3369327 -0.6037747	-0.01515403 0.9997098 -0.01872543 1.134293	-0.3372203 0.01252043 0.9413426 0.7820004	0 0 0 1	
-0.9418577 -0.02088241 -0.3353627 -0.6031941	-0.01552062 0.9997054 -0.01866053 1.134793	-0.3356535 0.01237052 0.9419043 0.7830977	0 0 0 1	
-0.942405 -0.02041675 -0.3338501 -0.6012762	-0.01531753 0.9997225 -0.01789956 1.135567	-0.3341229 0.01175488 0.9424562 0.783134	0 0 0 1	
-0.9427706 -0.01954002 -0.3328692 -0.5992977	-0.01490092 0.9997531 -0.01648412 1.137017	-0.3331091 0.01058068 0.9428289 0.7821518	0 0 0 1	
-0.9428918 -0.01850112 -0.3325852 -0.5977042	-0.01432987 0.9997849 -0.01499052 1.138579	-0.332791 0.009368533 0.9429541 0.7807024	0 0 0 1	
-0.9429539 -0.01752315 -0.3324615 -0.5963206	-0.01362884 0.9998085 -0.014042 1.139656	-0.3326439 0.008709896 0.9430122 0.7798455	0 0 0 1	
-0.9429221 -0.01672503 -0.3325929 -0.5953804	-0.01307401 0.9998273 -0.01321244 1.140578	-0.3327564 0.008109976 0.9429779 0.7789067	0 0 0 1	
-0.9427859 -0.01643232 -0.3329935 -0.595307	-0.01287593 0.9998341 -0.01288418 1.14093	-0.33315 0.007859424 0.9428411 0.7782407	0 0 0 1	
