-1.192093E-07 1 0 0	-1 -1.192093E-07 0 0	0 0 -1 0	0 0 0 1	
-0.04112291 -0.000122726 -0.9991542 0	0.5423525 0.8398517 -0.02242514 0	-0.8391441 0.5428159 0.03447068 0	0 0 0 1	
-0.07210517 -0.003258288 -0.9973918 0	0.5357239 0.8433735 -0.04148461 0	-0.8413091 0.5373179 0.05906606 0	0 0 0 1	
-0.07195795 -0.005536199 -0.9973924 0	0.5296607 0.8471233 -0.04291508 0	-0.8451518 0.5313675 0.058025 0	0 0 0 1	
-0.07605624 -0.008687288 -0.9970657 0	0.520548 0.8525304 -0.04713541 0	-0.8504383 0.5226055 0.06031823 0	0 0 0 1	
-0.07500029 -0.01104903 -0.9971223 0	0.5135971 0.8566809 -0.04812391 0	-0.8547473 0.5157284 0.05857658 0	0 0 0 1	
-0.07571626 -0.01451284 -0.9970238 0	0.5047137 0.8617865 -0.05087341 0	-0.8599599 0.5070635 0.05792642 0	0 0 0 1	
-0.07439482 -0.0168996 -0.9970856 0	0.4989581 0.8650712 -0.05189051 0	-0.863427 0.5013643 0.05592465 0	0 0 0 1	
-0.07306159 -0.01912846 -0.997144 0	0.4937966 0.8679711 -0.05283137 0	-0.8665028 0.4962462 0.05396974 0	0 0 0 1	
-0.07277834 -0.02078809 -0.9971315 0	0.4890922 0.8705684 -0.05384725 0	-0.8691905 0.4916081 0.05319118 0	0 0 0 1	
-0.07147753 -0.02166553 -0.9972069 0	0.4835891 0.8736498 -0.05364369 0	-0.8723718 0.4860727 0.05196917 0	0 0 0 1	
-0.07040858 -0.02828132 -0.9971174 0	0.47439 0.8783748 -0.05841106 0	-0.8774947 0.4771351 0.04842877 0	0 0 0 1	
-0.06566095 -0.03264868 -0.9973077 0	0.4654576 0.8830643 -0.05955358 0	-0.8826312 0.4681148 0.04278624 0	0 0 0 1	
-0.0621525 -0.03855222 -0.9973218 0	0.4579679 0.8867465 -0.06281815 0	-0.8867934 0.4606457 0.03745782 0	0 0 0 1	
-0.06006444 -0.04151544 -0.9973308 0	0.4532021 0.8890854 -0.06430373 0	-0.8893819 0.4558548 0.03458762 0	0 0 0 1	
-0.05812311 -0.04582271 -0.9972572 0	0.4487262 0.8911467 -0.06710015 0	-0.8917772 0.4513955 0.03123426 0	0 0 0 1	
-0.05311096 -0.04849546 -0.9974104 0	0.4430981 0.8939614 -0.0670601 0	-0.8948985 0.4455123 0.02599096 0	0 0 0 1	
-0.04944468 -0.04807836 -0.997619 0	0.4393907 0.8959445 -0.06495573 0	-0.8969342 0.4415563 0.02317441 0	0 0 0 1	
-0.04886162 -0.04701032 -0.9976987 0	0.4365016 0.8974482 -0.06366399 0	-0.8983757 0.4386078 0.02333069 0	0 0 0 1	
-0.04776525 -0.04453422 -0.9978654 0	0.4312188 0.9001954 -0.0608166 0	-0.9009822 0.4332032 0.02379417 0	0 0 0 1	
-0.04610431 -0.04165716 -0.9980676 0	0.4262836 0.9027684 -0.05737118 0	-0.9034138 0.4281049 0.02386379 0	0 0 0 1	
-0.04449558 -0.0403686 -0.9981936 0	0.4205953 0.9055571 -0.05537073 0	-0.9061565 0.4222993 0.02331448 0	0 0 0 1	
-0.04085529 -0.03865553 -0.9984171 0	0.4146714 0.9084761 -0.05214167 0	-0.9090536 0.4161452 0.02108669 0	0 0 0 1	
-0.03380191 -0.03865728 -0.9986808 0	0.4103426 0.9106067 -0.04913671 0	-0.9113049 0.4114621 0.01491749 0	0 0 0 1	
-0.02510011 -0.04049729 -0.9988644 0	0.4057075 0.9127833 -0.04720214 0	-0.9136584 0.4064316 0.006480932 0	0 0 0 1	
-0.01494396 -0.04173809 -0.9990168 0	0.3997261 0.9155669 -0.04423098 0	-0.9165128 0.3999941 -0.00300163 0	0 0 0 1	
-0.008431673 -0.04369265 -0.9990094 0	0.3958631 0.9172806 -0.04345924 0	-0.9182709 0.3958374 -0.009562075 0	0 0 0 1	
0.0022856 -0.04811369 -0.9988393 0	0.3928505 0.9185801 -0.04334864 0	-0.9195996 0.3922954 -0.02100098 0	0 0 0 1	
0.01821017 -0.05395564 -0.9983772 0	0.3904924 0.9196211 -0.04257691 0	-0.920426 0.3890834 -0.03781575 0	0 0 0 1	
0.03355587 -0.05988882 -0.9976408 0	0.3911983 0.9193461 -0.04203074 0	-0.9196944 0.3888651 -0.05427784 0	0 0 0 1	
0.05715191 -0.06916976 -0.9959664 0	0.3947771 0.9178576 -0.04109146 0	-0.9169977 0.3908363 -0.07976395 0	0 0 0 1	
0.07453775 -0.07533267 -0.9943687 0	0.3978052 0.9166139 -0.03962259 0	-0.9144371 0.3926117 -0.09829009 0	0 0 0 1	
0.09109288 -0.0811573 -0.9925299 0	0.4025258 0.9146261 -0.03784403 0	-0.910865 0.3960715 -0.1159838 0	0 0 0 1	
0.1065765 -0.08515395 -0.9906514 0	0.4075615 0.9125223 -0.03459178 0	-0.9069372 0.4000648 -0.1319589 0	0 0 0 1	
0.1241661 -0.08865447 -0.988293 0	0.4144672 0.9095853 -0.02952167 0	-0.901554 0.4059495 -0.149684 0	0 0 0 1	
0.1388011 -0.09201895 -0.986036 0	0.4201271 0.9071066 -0.02551311 0	-0.8967875 0.4107192 -0.1645671 0	0 0 0 1	
0.154155 -0.09533961 -0.9834362 0	0.4257994 0.904575 -0.02094972 0	-0.8915892 0.415517 -0.1800402 0	0 0 0 1	
0.1720334 -0.09774901 -0.9802294 0	0.4331851 0.9011987 -0.01384266 0	-0.8847345 0.4222394 -0.1973797 0	0 0 0 1	
0.1866617 -0.09934792 -0.9773881 0	0.4379613 0.8989606 -0.007734135 0	-0.8794018 0.4266144 -0.211312 0	0 0 0 1	
0.1999365 -0.1000023 -0.9746923 0	0.4421743 0.8969282 -0.001321554 0	-0.8743611 0.4307196 -0.2235471 0	0 0 0 1	
0.2135766 -0.09676394 -0.9721224 0	0.4461513 0.8949129 0.008941501 0	-0.8690997 0.4356233 -0.2343038 0	0 0 0 1	
0.2239558 -0.09351858 -0.9701021 3.109978E-10	0.4470346 0.8943554 0.01698497 6.855815E-09	-0.8660277 0.4374731 -0.2421021 3.081628E-09	0 0 0 1	
0.2371 -0.09324001 -0.9670004 0.002037739	0.4503581 0.8925155 0.02436581 0.0004831392	-0.860791 0.4412736 -0.2536069 -0.0002273248	0 0 0 1	
0.2479661 -0.09045717 -0.9645363 0.004277819	0.4520076 0.891418 0.03260367 0.0009304519	-0.8568559 0.4440624 -0.2619288 -0.0006318894	0 0 0 1	
0.2742072 -0.08542788 -0.9578688 0.009216785	0.450124 0.891602 0.04933833 0.001881203	-0.8498228 0.4446887 -0.2829369 -0.001727219	0 0 0 1	
0.2873611 -0.08162841 -0.9543377 0.01189907	0.4471678 0.8925478 0.05830365 0.002344997	-0.8470328 0.4435033 -0.2929852 -0.002422524	0 0 0 1	
0.2969677 -0.07509916 -0.9519297 0.01467913	0.4434921 0.8937066 0.06784773 0.002770325	-0.8456505 0.442322 -0.298708 -0.003289541	0 0 0 1	
0.3302068 -0.05721465 -0.942173 0.0141842	0.4404321 0.892179 0.1001812 -0.009559035	-0.8348551 0.4480438 -0.3198028 0.02826888	0 0 0 1	
0.3388307 -0.05109854 -0.9394587 0.01654175	0.4374712 0.8925734 0.1092325 -0.009446983	-0.8329542 0.4479974 -0.3247854 0.02857187	0 0 0 1	
0.3469115 -0.04530008 -0.9368032 0.01894354	0.4348347 0.8927648 0.1178549 -0.009273629	-0.8310061 0.4482398 -0.3294085 0.02893888	0 0 0 1	
0.3581733 -0.04155636 -0.93273 0.02127379	0.4328037 0.8925783 0.1264315 -0.00903115	-0.8272805 0.4489733 -0.3376834 0.02958207	0 0 0 1	
0.3841636 -0.04088916 -0.9223592 0.01253535	0.439713 0.8865454 0.1438394 -0.02399517	-0.8118318 0.4608312 -0.3585579 0.02922937	0 0 0 1	
0.394287 -0.03653049 -0.918261 0.01450529	0.439462 0.8850504 0.1534888 -0.02415455	-0.8071002 0.4640595 -0.3650177 0.03020347	0 0 0 1	
0.4062519 -0.03445694 -0.9131112 0.01636752	0.4398832 0.8832532 0.162378 -0.02427485	-0.8009133 0.4676287 -0.3739803 0.03139638	0 0 0 1	
0.4176999 -0.03248729 -0.908004 0.01824601	0.4406472 0.8812084 0.1711779 -0.0243859	-0.7945796 0.4716104 -0.3823961 0.03269101	0 0 0 1	
0.4272833 -0.02983144 -0.9036255 0.0201873	0.441616 0.8790033 0.1798015 -0.02450529	-0.788926 0.4758817 -0.3887575 0.03399388	0 0 0 1	
0.4395264 -0.02987233 -0.8977329 0.02195356	0.4426495 0.8768635 0.1875416 -0.0245805	-0.7815869 0.4798104 -0.3986276 0.03551923	0 0 0 1	
0.4385185 -0.03405899 -0.8980766 0.04222907	0.4509251 0.8727351 0.1870827 -0.0336372	-0.7774112 0.4870045 -0.3980685 0.03877484	0 0 0 1	
0.4574221 -0.04098566 -0.8883047 0.04371125	0.4534763 0.8700388 0.1933694 -0.03405748	-0.7649342 0.4912766 -0.4165609 0.04126364	0 0 0 1	
0.480788 -0.05334824 -0.8752125 0.04469479	0.4579258 0.8664909 0.1987397 -0.03456187	-0.7477613 0.496334 -0.4410279 0.04437476	0 0 0 1	
0.5093333 -0.07198018 -0.8575538 0.04503428	0.4646201 0.8617812 0.2036202 -0.03525	-0.7243673 0.5021473 -0.4723772 0.04819865	0 0 0 1	
0.5435331 -0.09669593 -0.8337995 0.04460258	0.4730164 0.8558835 0.2090906 -0.03627206	-0.6934171 0.5080485 -0.5109397 0.05275387	0 0 0 1	
0.5848069 -0.1282601 -0.8009683 0.04320248	0.4818683 0.8492461 0.2158331 -0.03767263	-0.6525364 0.5121819 -0.5584495 0.05814627	0 0 0 1	
0.6556291 -0.1772735 -0.7339786 0.01781236	0.4922766 0.8374194 0.237471 -0.04615793	-0.5725507 0.5170134 -0.6363041 0.03897412	0 0 0 1	
0.6979026 -0.204245 -0.6864518 0.01634398	0.4924788 0.8327656 0.2529152 -0.04835982	-0.5199968 0.5145731 -0.6817756 0.04236756	0 0 0 1	
0.734217 -0.218446 -0.6428116 0.01543345	0.4845108 0.8318403 0.270723 -0.05078618	-0.4755782 0.5102186 -0.7165908 0.04503778	0 0 0 1	
0.7627392 -0.2188713 -0.6085427 0.01541432	0.4682859 0.8359082 0.2862966 -0.05304269	-0.4460238 0.5033417 -0.7400743 0.04683306	0 0 0 1	
0.7881331 -0.2109907 -0.578212 0.01593438	0.4450774 0.8442425 0.2985979 -0.05500772	-0.4251497 0.492684 -0.7592827 0.04810874	0 0 0 1	
0.815941 -0.2011103 -0.5420285 0.01637278	0.4165625 0.8546289 0.3099759 -0.0569281	-0.4008939 0.4787108 -0.7811018 0.04938181	0 0 0 1	
0.8489983 -0.1925588 -0.4920599 0.01320696	0.3823998 0.8665664 0.320676 -0.05831584	-0.3646535 0.460417 -0.8093479 0.04727668	0 0 0 1	
0.878835 -0.1877116 -0.4386495 0.01301742	0.3532039 0.874041 0.3336156 -0.06067586	-0.3207741 0.4481258 -0.8344383 0.04868263	0 0 0 1	
0.9046857 -0.1825306 -0.3850019 0.01272168	0.3251067 0.8797781 0.3468373 -0.063348	-0.2754078 0.4389454 -0.8552645 0.05006278	0 0 0 1	
0.9243997 -0.1746437 -0.339094 0.01261315	0.2985844 0.8845288 0.358408 -0.06610838	-0.2373447 0.4325604 -0.869804 0.05118659	0 0 0 1	
0.9376987 -0.1677045 -0.3042966 0.01274048	0.277515 0.8884739 0.3655128 -0.06865022	-0.2090615 0.4271877 -0.8796613 0.05211202	0 0 0 1	
0.9457084 -0.1644758 -0.2803272 0.01305488	0.2644067 0.8909121 0.3692761 -0.07098043	-0.1890099 0.4233479 -0.8860315 0.05292853	0 0 0 1	
0.9513121 -0.1593225 -0.2638592 0.02254837	0.2518734 0.8952555 0.3675287 -0.0714485	-0.1776658 0.4160936 -0.8917965 0.05151767	0 0 0 1	
0.954683 -0.1645602 -0.2479925 0.02308568	0.2509719 0.8929986 0.3735861 -0.07386546	-0.1599796 0.4188954 -0.8938306 0.05239447	0 0 0 1	
0.9583807 -0.1720527 -0.2278252 0.02325743	0.2506399 0.8891511 0.3828707 -0.07642381	-0.1366971 0.424038 -0.8952685 0.05353479	0 0 0 1	
0.9628127 -0.1786003 -0.2027158 0.02313497	0.2471265 0.8854157 0.3936592 -0.0790047	-0.1091801 0.4291165 -0.8966263 0.05488423	0 0 0 1	
0.9674861 -0.1810816 -0.176579 0.0230026	0.2389858 0.8830649 0.4038343 -0.08154704	-0.08280375 0.4329039 -0.897629 0.05622778	0 0 0 1	
0.9714273 -0.1788092 -0.1560652 0.02335262	0.2284729 0.8825703 0.4109378 -0.08393785	-0.06425902 0.4348529 -0.8982059 0.05731915	0 0 0 1	
0.9724827 -0.1703217 -0.1589587 0.03015387	0.2218989 0.8850313 0.4092437 -0.0882116	-0.07098033 0.4332552 -0.8984719 0.06583472	0 0 0 1	
0.9759327 -0.1617072 -0.1463083 0.03128697	0.2084583 0.8887908 0.4081618 -0.09023776	-0.06403476 0.4288377 -0.9011092 0.06665479	0 0 0 1	
0.9792629 -0.1553241 -0.1300711 0.03209322	0.195355 0.8940407 0.4031473 -0.09201433	-0.05367041 0.4201972 -0.9058443 0.06775085	0 0 0 1	
0.9822674 -0.1523415 -0.1092834 0.03243617	0.1835389 0.9003099 0.3946587 -0.09353387	-0.038266 0.4077182 -0.9123057 0.06918763	0 0 0 1	
0.9843797 -0.1495431 -0.09291635 0.03295666	0.1739595 0.9074087 0.3825541 -0.09478258	-0.02710477 0.3927422 -0.9192491 0.07050526	0 0 0 1	
0.9859892 -0.1474833 -0.07793626 0.03337324	0.1659433 0.914778 0.3682989 -0.09589109	-0.01697644 0.3760717 -0.9264351 0.07186182	0 0 0 1	
0.9865696 -0.1446736 -0.07582885 0.03791491	0.1622637 0.9212942 0.3533944 -0.1012488	-0.01873385 0.3609524 -0.9323961 0.08209055	0 0 0 1	
0.987415 -0.1449734 -0.0632004 0.0380078	0.1578633 0.9275746 0.3386512 -0.1023357	-0.009527666 0.3443663 -0.938787 0.08380896	0 0 0 1	
0.9876557 -0.1464786 -0.05550008 0.03823637	0.1565845 0.9327183 0.3248352 -0.1034265	-0.00418455 0.3295158 -0.9441408 0.0853375	0 0 0 1	
0.9876458 -0.1503613 -0.04412754 0.0378955	0.1565897 0.9362954 0.3143732 -0.1048126	0.005953152 0.3173993 -0.9482733 0.08703923	0 0 0 1	
0.9876797 -0.1535242 -0.03031838 0.03714813	0.1553727 0.9389499 0.306973 -0.1065597	0.01866035 0.3079016 -0.9512352 0.08878282	0 0 0 1	
0.9879887 -0.1532688 -0.01967179 0.03651708	0.1520297 0.9413284 0.3013102 -0.1085459	0.02766384 0.3006817 -0.9533232 0.09026111	0 0 0 1	
0.9888931 -0.1461654 -0.02694682 0.04340211	0.147521 0.9431639 0.297791 -0.1153466	0.01811147 0.2984587 -0.9542507 0.1021556	0 0 0 1	
0.989788 -0.1408852 -0.02170432 0.04312085	0.1409586 0.9446758 0.2961729 -0.1179028	0.02122284 0.2962078 -0.9548877 0.1033887	0 0 0 1	
0.9907389 -0.1342327 -0.02044672 0.04308173	0.1342327 0.9455966 0.2963589 -0.1206514	0.02044672 0.2963589 -0.9548578 0.1042882	0 0 0 1	
0.9915466 -0.1285109 -0.01789831 0.04271568	0.1279961 0.9461694 0.2972884 -0.1234267	0.02126996 0.2970662 -0.9546199 0.1051795	0 0 0 1	
0.9922149 -0.1237047 -0.01437726 0.04209726	0.1223312 0.9464875 0.2986577 -0.1261828	0.02333746 0.2980914 -0.954252 0.1060884	0 0 0 1	
0.9927827 -0.1195059 -0.0100408 0.04124733	0.1169777 0.9465144 0.3007102 -0.1289759	0.02643289 0.2997144 -0.9536627 0.1069454	0 0 0 1	
0.9935395 -0.1121315 -0.01748592 0.05093861	0.1121315 0.9462122 0.3034947 -0.1361265	0.01748592 0.3034947 -0.9526727 0.1175919	0 0 0 1	
0.9940802 -0.1083156 -0.008496794 0.04939705	0.1057639 0.9468246 0.3038705 -0.1410843	0.02486894 0.3029703 -0.9526755 0.1199887	0 0 0 1	
0.9941489 -0.1079815 0.002820127 0.04732377	0.102069 0.9476194 0.3026538 -0.1453868	0.03535341 0.3005952 -0.9530964 0.1227738	0 0 0 1	
0.9941636 -0.1075221 0.008819293 0.04619753	0.09982664 0.9478394 0.3027129 -0.1475932	0.04090761 0.3000657 -0.953041 0.1241654	0 0 0 1	
0.9946309 -0.1034783 0.001291336 0.05717888	0.09819977 0.9476841 0.3037296 -0.1539813	0.03265321 0.3019721 -0.9527574 0.1343156	0 0 0 1	
0.9949539 -0.09924142 0.01475875 0.05551654	0.09008376 0.9483687 0.3041081 -0.1587788	0.04417685 0.3012441 -0.9525232 0.13776	0 0 0 1	
0.9953446 -0.09239136 0.02744092 0.05395575	0.07981896 0.9497722 0.3025916 -0.1632855	0.05401947 0.2989926 -0.9527252 0.1415608	0 0 0 1	
0.9953699 -0.08936489 0.03539458 0.05288141	0.07456279 0.9502651 0.3023848 -0.1656076	0.06065681 0.2983456 -0.9525285 0.1436832	0 0 0 1	
0.9956885 -0.08537752 0.03626422 0.05923433	0.07050682 0.9506291 0.3022135 -0.1681222	0.06027607 0.2983537 -0.9525502 0.150351	0 0 0 1	
0.995563 -0.08301514 0.04430282 0.05824776	0.06582277 0.9508531 0.3025653 -0.17049	0.06724297 0.2983066 -0.9520985 0.1527868	0 0 0 1	
0.9953948 -0.08042931 0.05215621 0.05723035	0.06097659 0.9510697 0.3028998 -0.1728198	0.07396621 0.2983246 -0.9515942 0.1553045	0 0 0 1	
0.9951039 -0.07314413 0.06646936 0.0551384	0.04947786 0.9508658 0.3056242 -0.1777114	0.08555806 0.3008391 -0.9498293 0.1601577	0 0 0 1	
0.9947516 -0.07027152 0.0743714 0.05384661	0.04407157 0.9502417 0.3083802 -0.1802293	0.09234114 0.303484 -0.9483515 0.1625605	0 0 0 1	
0.9948546 -0.06748068 0.07556947 0.05842126	0.04083203 0.9496964 0.3104988 -0.1802372	0.09272072 0.3058155 -0.9475652 0.1667847	0 0 0 1	
0.9945871 -0.06522088 0.08088764 0.05755255	0.03665341 0.9486431 0.3142178 -0.1826057	0.09722706 0.3095521 -0.9458987 0.1689114	0 0 0 1	
0.9941869 -0.06326874 0.08711785 0.05640826	0.03248022 0.9476753 0.3175792 -0.1848365	0.1026523 0.3129034 -0.9442214 0.1711281	0 0 0 1	
0.9938987 -0.06068893 0.09209847 0.05535367	0.028144 0.9469136 0.3202538 -0.1868889	0.1066452 0.3157078 -0.9428443 0.1732918	0 0 0 1	
0.9939011 -0.05696047 0.09442479 0.05462864	0.02362616 0.9463757 0.322203 -0.1887841	0.1077142 0.318007 -0.9419497 0.1753009	0 0 0 1	
0.9940205 -0.0530062 0.0954649 0.05401552	0.01934219 0.9459219 0.3238173 -0.1905054	0.1074667 0.3200346 -0.941291 0.1772413	0 0 0 1	
0.9945399 -0.04890957 0.09218638 0.05761359	0.01641973 0.9457074 0.3246041 -0.1875626	0.1030576 0.3213181 -0.9413468 0.1801977	0 0 0 1	
0.9946974 -0.04634689 0.09180997 0.05716782	0.0136962 0.9444463 0.3283802 -0.1891597	0.101929 0.3253815 -0.9400731 0.1816895	0 0 0 1	
0.9947711 -0.04612067 0.09112243 0.05676105	0.01311698 0.9425325 0.3338568 -0.1908415	0.1012836 0.3309158 -0.9382091 0.1829681	0 0 0 1	
0.9946263 -0.04870438 0.09135885 0.05619458	0.01475325 0.9401064 0.3405618 -0.192567	0.1024739 0.3373838 -0.9357731 0.1841759	0 0 0 1	
0.9944738 -0.05288453 0.0906921 0.05587688	0.01818911 0.9375864 0.3472764 -0.194164	0.1033972 0.3437077 -0.933367 0.1852876	0 0 0 1	
0.9943343 -0.05693003 0.08976745 0.05566581	0.02168294 0.9353626 0.3530249 -0.1955775	0.1040628 0.3490783 -0.9312976 0.1863838	0 0 0 1	
0.9946085 -0.05874588 0.08545649 0.05832307	0.02461026 0.9342393 0.3557967 -0.1903839	0.1007384 0.3517753 -0.9306481 0.1868106	0 0 0 1	
0.9949212 -0.05828366 0.08206586 0.05862047	0.02512357 0.93329 0.3582438 -0.1911198	0.09747101 0.3543626 -0.9300143 0.1877006	0 0 0 1	
0.99555 -0.05573688 0.07598451 0.05942211	0.02475245 0.9326839 0.3598443 -0.1917729	0.09092613 0.3563622 -0.9299131 0.1883565	0 0 0 1	
0.9961215 -0.05307218 0.07018097 0.06013851	0.0241203 0.9317637 0.3622632 -0.1926713	0.08461818 0.3591654 -0.9294299 0.1888495	0 0 0 1	
0.9964206 -0.05189826 0.06672806 0.0603523	0.02392792 0.9302323 0.3661903 -0.1939189	0.08107723 0.3632829 -0.9281444 0.1893116	0 0 0 1	
0.9967474 -0.05216451 0.06142815 0.06246832	0.02582521 0.9287981 0.3696854 -0.188925	0.0763388 0.3668965 -0.9271243 0.187774	0 0 0 1	
0.9968224 -0.05338347 0.05912187 0.06243706	0.02740392 0.9267268 0.3747352 -0.1902396	0.07479448 0.3719242 -0.9252449 0.1880428	0 0 0 1	
0.9970438 -0.05356585 0.05508525 0.06271931	0.02875884 0.9249784 0.3789298 -0.1915206	0.07125036 0.3762254 -0.9237845 0.1882073	0 0 0 1	
0.9975455 -0.05099081 0.04798785 0.06356476	0.0288733 0.9239087 0.3815221 -0.1926709	0.06379052 0.3792001 -0.9231133 0.1881968	0 0 0 1	
0.9981483 -0.04623115 0.03953134 0.06461899	0.0276277 0.9235483 0.3824854 -0.1936774	0.05419184 0.380685 -0.9231155 0.1881699	0 0 0 1	
0.9985651 -0.04198129 0.03324692 0.06518186	0.02610915 0.9237114 0.3821983 -0.1945343	0.04675573 0.3807819 -0.9234821 0.1884685	0 0 0 1	
0.9988287 -0.04002171 0.02719325 0.06777796	0.02670654 0.9246441 0.3798949 -0.1907118	0.04034812 0.3787237 -0.9246299 0.1879101	0 0 0 1	
0.9988617 -0.04063263 0.02498466 0.06748157	0.02817388 0.9252345 0.3783481 -0.1911621	0.03848995 0.3772136 -0.9253261 0.188741	0 0 0 1	
0.9988464 -0.04287097 0.02163433 0.06741738	0.03158269 0.9258602 0.376544 -0.1915567	0.03617318 0.3754263 -0.9261461 0.1896148	0 0 0 1	
0.9987869 -0.04567891 0.01838786 0.06731968	0.03545125 0.926228 0.375293 -0.1921817	0.03417433 0.3741859 -0.9267238 0.190467	0 0 0 1	
0.9987141 -0.04830034 0.01539887 0.06717508	0.03901363 0.9262277 0.3749401 -0.1931466	0.0323726 0.3738572 -0.9269211 0.1912295	0 0 0 1	
0.9986825 -0.04990859 0.01193312 0.06714978	0.04180528 0.9261535 0.3748228 -0.1943084	0.02975878 0.3738301 -0.9270197 0.191906	0 0 0 1	
0.9986695 -0.05080438 0.008839346 0.06707923	0.0438027 0.9261938 0.3744947 -0.1955351	0.02721292 0.3736093 -0.9271869 0.1926378	0 0 0 1	
0.9986373 -0.05197237 0.004743188 0.07043149	0.04647409 0.9269631 0.3722628 -0.192206	0.02374414 0.3715351 -0.9281152 0.1925775	0 0 0 1	
0.9985939 -0.05288652 0.003631292 0.07012565	0.04775773 0.9272527 0.371378 -0.1932402	0.02300802 0.3706824 -0.9284747 0.1933951	0 0 0 1	
0.9986188 -0.05251865 0.001483429 0.07008289	0.04823997 0.9277169 0.3701545 -0.1942942	0.02081622 0.3695717 -0.928969 0.1941233	0 0 0 1	
0.998703 -0.05090246 -0.001118827 0.07015938	0.04773391 0.9284386 0.3684063 -0.195296	0.01771402 0.3679819 -0.9296642 0.1948646	0 0 0 1	
0.9988347 -0.04806764 -0.00432276 0.07037123	0.04631017 0.9293818 0.3662032 -0.1962274	0.01358503 0.3659767 -0.9305249 0.1956341	0 0 0 1	
0.9990072 -0.04377683 -0.00826276 0.07069372	0.04377683 0.9302412 0.364328 -0.197267	0.00826276 0.364328 -0.9312341 0.196313	0 0 0 1	
0.9991195 -0.03889488 -0.01573187 0.07578582	0.04195194 0.931337 0.361734 -0.1930035	-0.0005820771 0.3620755 -0.9321486 0.1923959	0 0 0 1	
0.9991671 -0.03502542 -0.02093698 0.07631521	0.04023258 0.9312891 0.3620526 -0.1940629	-0.006817334 0.3625934 -0.9319226 0.1926097	0 0 0 1	
0.9991502 -0.03179329 -0.02623035 0.07680464	0.03916006 0.930777 0.3634843 -0.1951855	-0.01285825 0.3642026 -0.931231 0.1927906	0 0 0 1	
0.999092 -0.0288308 -0.0313687 0.0771935	0.03831561 0.9299778 0.3656136 -0.1962998	-0.01863126 0.3664835 -0.930238 0.1929931	0 0 0 1	
0.9989973 -0.02610171 -0.03637353 0.0774869	0.03767191 0.9290843 0.3679445 -0.1972628	-0.0241901 0.3689459 -0.929136 0.1932859	0 0 0 1	
0.9988116 -0.02284905 -0.04305001 0.07803339	0.03718846 0.9282252 0.3701555 -0.1979733	-0.0315024 0.3713166 -0.9279717 0.193528	0 0 0 1	
0.9983292 -0.0190836 -0.05454081 0.08416001	0.03798458 0.9280291 0.3705662 -0.194278	-0.04354371 0.3720188 -0.9272033 0.1878687	0 0 0 1	
0.9976465 -0.01426828 -0.06706695 0.08558314	0.03834091 0.9269899 0.3731215 -0.1943046	-0.05684658 0.3748147 -0.9253553 0.1873308	0 0 0 1	
0.996411 -0.008165136 -0.0842527 0.08769897	0.03945325 0.9254099 0.3769084 -0.1942153	-0.07489078 0.3788797 -0.9224107 0.18621	0 0 0 1	
0.9944501 -0.002042998 -0.1051895 0.09035037	0.04234126 0.9230419 0.3823621 -0.1940031	-0.09631319 0.3846939 -0.9180056 0.1845449	0 0 0 1	
0.991772 0.002638493 -0.1279897 0.09320548	0.04781019 0.919812 0.3894356 -0.1936034	-0.118754 0.3923505 -0.9121177 0.1825442	0 0 0 1	
0.9886977 0.005618075 -0.1498175 0.09566608	0.05507997 0.9158025 0.397834 -0.1930007	-0.1394383 0.4015895 -0.9051424 0.1805458	0 0 0 1	
0.9848497 0.01002918 -0.1731199 0.09812165	0.0623402 0.9111084 0.4074251 -0.1923013	-0.1618171 0.4120448 -0.8966796 0.1781841	0 0 0 1	
0.9788224 0.01788642 -0.2039284 0.1042317	0.07010644 0.9066486 0.4160209 -0.1882755	-0.1923325 0.4215073 -0.886194 0.1703205	0 0 0 1	
0.9707035 0.03095083 -0.2382786 0.1080966	0.0757396 0.9017011 0.4256744 -0.1867724	-0.228031 0.4312508 -0.8729402 0.1660044	0 0 0 1	
0.9583895 0.0521857 -0.2806531 0.1130547	0.07868052 0.8967764 0.4354325 -0.1850062	-0.2744065 0.4393959 -0.8553551 0.1602785	0 0 0 1	
0.9397517 0.08183737 -0.3319176 0.1192687	0.07985508 0.8915122 0.4459027 -0.1830992	-0.3324001 0.4455432 -0.831265 0.1527728	0 0 0 1	
0.9154866 0.114757 -0.3856361 0.1255158	0.08226429 0.8848279 0.4585982 -0.1813224	-0.3938489 0.4515646 -0.8006076 0.1441557	0 0 0 1	
0.888441 0.1435564 -0.4359635 0.1315701	0.09004086 0.8768641 0.4722309 -0.1763623	-0.4500726 0.4588038 -0.766116 0.1334999	0 0 0 1	
0.8603416 0.1671271 -0.4815401 0.1353719	0.1045237 0.8667967 0.4875841 -0.1740902	-0.4988859 0.4698212 -0.7282725 0.1253292	0 0 0 1	
0.8297032 0.1861138 -0.5262645 0.1387982	0.1249719 0.8569154 0.5000781 -0.1708777	-0.5440356 0.4806847 -0.6877264 0.1175756	0 0 0 1	
0.7982235 0.2016893 -0.567592 0.1415397	0.1479611 0.8477582 0.5093266 -0.1668294	-0.5839065 0.490538 -0.6468583 0.1108112	0 0 0 1	
0.7641596 0.2195447 -0.6065148 0.1438366	0.1698638 0.8386092 0.5175722 -0.1625746	-0.6222591 0.4985326 -0.6035385 0.1043135	0 0 0 1	
0.7264888 0.2408956 -0.6435708 0.1459404	0.1910393 0.8288209 0.5258897 -0.1584314	-0.6600894 0.5050003 -0.5561085 0.09765106	0 0 0 1	
0.6896076 0.2584879 -0.6764801 0.1452607	0.2150655 0.8188851 0.5321409 -0.1498799	-0.6915115 0.5124559 -0.5091177 0.09019919	0 0 0 1	
0.6575701 0.2704549 -0.7031755 0.1457018	0.2434522 0.8069919 0.5380476 -0.1454431	-0.7129745 0.5249935 -0.4648108 0.08635151	0 0 0 1	
0.622246 0.2830907 -0.7298422 0.1464004	0.2758058 0.7932602 0.5428347 -0.1410692	-0.7326262 0.5390714 -0.4155248 0.08232126	0 0 0 1	
0.5782403 0.301948 -0.7579351 0.1479781	0.3108784 0.7773649 0.5468624 -0.136999	-0.7543162 0.5518435 -0.3556346 0.07687138	0 0 0 1	
0.531984 0.3237747 -0.7824085 0.1498155	0.3475036 0.7591302 0.5504204 -0.133491	-0.7721621 0.5647047 -0.2913322 0.07130297	0 0 0 1	
0.4956354 0.3410652 -0.7987617 0.1509205	0.3840398 0.7388191 0.5537688 -0.1306315	-0.7790117 0.5812237 -0.2352023 0.06801961	0 0 0 1	
0.4668272 0.3542676 -0.8102881 0.1480112	0.4197356 0.7177153 0.5556139 -0.123182	-0.7783923 0.5994825 -0.1863503 0.06604743	0 0 0 1	
0.4359933 0.3685805 -0.8210105 0.1488142	0.4548759 0.6969181 0.5544304 -0.1204998	-0.7765294 0.6151858 -0.1361932 0.0645738	0 0 0 1	
0.4025852 0.3822439 -0.8317541 0.1501223	0.4899276 0.677567 0.5485198 -0.1175838	-0.7732375 0.6283252 -0.08550668 0.06293088	0 0 0 1	
0.3653765 0.398466 -0.8412638 0.1521659	0.5228244 0.6598895 0.5396301 -0.1146622	-0.7701654 0.6370014 -0.03278041 0.0606547	0 0 0 1	
0.3228878 0.4219399 -0.8471777 0.1551232	0.550243 0.6446087 0.5307657 -0.1120106	-0.7700495 0.6375315 0.02403307 0.05705837	0 0 0 1	
0.2789409 0.4498994 -0.8484001 0.1585684	0.5730504 0.6309438 0.5229943 -0.1096433	-0.7705876 0.6320605 0.08181906 0.05273733	0 0 0 1	
0.2413228 0.4752449 -0.8461121 0.1576287	0.5937663 0.6173264 0.5160908 -0.1034652	-0.7675969 0.6269373 0.1332096 0.04991337	0 0 0 1	
0.2168046 0.4947632 -0.8415493 0.1603804	0.6142349 0.6008881 0.5115164 -0.1026568	-0.7587564 0.627808 0.1736256 0.04868533	0 0 0 1	
0.1996292 0.5118547 -0.8355554 0.1631064	0.6341318 0.5825898 0.5083954 -0.102829	-0.7470107 0.6313429 0.2082815 0.04825336	0 0 0 1	
0.1792156 0.5326452 -0.8271462 0.1665126	0.6513099 0.5658944 0.5055283 -0.103303	-0.7373446 0.6293271 0.2455 0.04656563	0 0 0 1	
0.1543382 0.5580198 -0.8153488 0.1706592	0.6646977 0.5519181 0.5035508 -0.103882	-0.730997 0.6196775 0.2857324 0.04329162	0 0 0 1	
0.1262622 0.5856618 -0.8006611 0.1753408	0.6756998 0.5401521 0.5016627 -0.1044795	-0.7262834 0.6043476 0.3275307 0.0387505	0 0 0 1	
0.09505457 0.6139916 -0.7835681 0.177271	0.6861418 0.5298761 0.4984384 -0.102243	-0.721231 0.5850177 0.370918 0.03327698	0 0 0 1	
0.03530335 0.6458377 -0.7626582 0.1855473	0.7061617 0.5238812 0.4763236 -0.1002974	-0.70717 0.5553758 0.437571 0.02415728	0 0 0 1	
-0.0193584 0.6593812 -0.7515596 0.1924627	0.7153555 0.5342901 0.4503339 -0.09631208	-0.6984925 0.5289146 0.4820349 0.01727312	0 0 0 1	
-0.03610015 0.6641073 -0.7467653 0.1959954	0.716677 0.5379827 0.4437891 -0.09562494	-0.6964704 0.5191686 0.4953718 0.01553565	0 0 0 1	
-0.05112243 0.6692486 -0.7412777 0.1969797	0.7170876 0.541215 0.4391716 -0.09232554	-0.6951057 0.5091096 0.5075781 0.01478339	0 0 0 1	
-0.0687139 0.6762016 -0.7335051 0.2004712	0.7163077 0.5451978 0.4355026 -0.09236969	-0.694393 0.4954903 0.5218312 0.01205617	0 0 0 1	
-0.09079516 0.6844965 -0.72334 0.2039438	0.7143186 0.5508651 0.4316208 -0.0922756	-0.6939057 0.4775062 0.5389645 0.007992905	0 0 0 1	
-0.1118326 0.6908374 -0.7143089 0.2075343	0.7112201 0.5576644 0.4279911 -0.09210421	-0.6940169 0.4601675 0.5537026 0.004177243	0 0 0 1	
-0.1275253 0.6945537 -0.7080484 0.2113456	0.7072862 0.5641482 0.4260083 -0.09228089	-0.6953298 0.4464661 0.5631914 0.001531012	0 0 0 1	
-0.1404169 0.6944849 -0.7056725 0.2152878	0.7021868 0.5723258 0.423529 -0.0921683	-0.6980091 0.4360433 0.5680224 -7.091463E-05	0 0 0 1	
-0.1504126 0.6866871 -0.7112222 0.2170503	0.6962801 0.5842947 0.4168858 -0.09022497	-0.7018334 0.432505 0.5660118 0.0007775649	0 0 0 1	
-0.1588333 0.6743926 -0.7210871 0.2205263	0.6916232 0.5972121 0.4061959 -0.08820826	-0.7045774 0.4342031 0.5612826 0.002415657	0 0 0 1	
-0.1709592 0.6666971 -0.725457 0.2238752	0.6882451 0.6076872 0.3962764 -0.08694818	-0.7050473 0.431545 0.5627408 0.002185456	0 0 0 1	
-0.19425 0.6687855 -0.7176304 0.2310978	0.6815687 0.618157 0.3915943 -0.08936191	-0.7055008 0.4130473 0.5759003 -0.00246454	0 0 0 1	
-0.2081407 0.6777092 -0.7052571 0.2347007	0.6777092 0.6198375 0.3956155 -0.09262349	-0.7052571 0.3956155 0.5883032 -0.007370844	0 0 0 1	
-0.2262975 0.6893651 -0.6881608 0.2381614	0.672823 0.6214892 0.4013233 -0.096905	-0.7043429 0.372192 0.6044621 -0.01379825	0 0 0 1	
-0.2458202 0.7012534 -0.6691906 0.2414336	0.6660388 0.6237829 0.4090077 -0.1010953	-0.7042477 0.3451645 0.6204003 -0.02135506	0 0 0 1	
-0.2669334 0.7129683 -0.6484001 0.2444679	0.6568866 0.6269088 0.4189097 -0.1056372	-0.705157 0.3141044 0.6356823 -0.02966389	0 0 0 1	
-0.2889014 0.7209699 -0.6298723 0.2472989	0.6446061 0.6329317 0.428813 -0.1096576	-0.7078274 0.2821348 0.6475965 -0.03759874	0 0 0 1	
-0.3120772 0.7235457 -0.6157025 0.2499889	0.6293424 0.6429265 0.4365474 -0.112463	-0.7117134 0.2512513 0.6560007 -0.04465407	0 0 0 1	
-0.3348235 0.7215053 -0.6060722 0.2527164	0.6123533 0.6554711 0.4420194 -0.11425	-0.7161822 0.2231319 0.6612833 -0.05035535	0 0 0 1	
-0.3492367 0.7163114 -0.6040958 0.2560936	0.5990116 0.6664236 0.4439196 -0.1156982	-0.7205684 0.2068273 0.6618185 -0.05260902	0 0 0 1	
-0.3692437 0.7046803 -0.6058755 0.263337	0.5814741 0.6837487 0.4408805 -0.1182813	-0.7249464 0.1895086 0.6622233 -0.05329984	0 0 0 1	
-0.4137039 0.6965105 -0.5862783 0.269525	0.5492809 0.7045172 0.4493839 -0.1206204	-0.7260438 0.1361196 0.6740415 -0.06194021	0 0 0 1	
-0.4384789 0.691193 -0.5744464 0.2727906	0.5315127 0.7148431 0.4544156 -0.1215808	-0.724728 0.106074 0.6808215 -0.06713878	0 0 0 1	
-0.459852 0.6842073 -0.5660357 0.2765043	0.5162716 0.7246274 0.4564852 -0.1221599	-0.7224956 0.08231266 0.6864582 -0.07113386	0 0 0 1	
-0.4781647 0.6755096 -0.5612891 0.2808163	0.5051129 0.7343292 0.453455 -0.1217892	-0.7184842 0.06668819 0.6923389 -0.07376889	0 0 0 1	
-0.4989988 0.6645895 -0.5561666 0.2853615	0.4978578 0.7451468 0.4437274 -0.1197691	-0.7093223 0.05547251 0.7026983 -0.07709837	0 0 0 1	
-0.5215545 0.6506522 -0.5519357 0.2902847	0.4927108 0.7578031 0.4277505 -0.1158255	-0.6965754 0.04884957 0.715819 -0.08061101	0 0 0 1	
-0.5483953 0.6323253 -0.5471997 0.2955679	0.4851737 0.773568 0.4076751 -0.1096007	-0.6810795 0.04191984 0.7310088 -0.08493242	0 0 0 1	
-0.5808332 0.6114508 -0.5373646 0.3006952	0.4729297 0.790772 0.3886093 -0.1021024	-0.6625484 0.02841845 0.7484798 -0.09139458	0 0 0 1	
-0.6166611 0.5884454 -0.522935 0.3057169	0.4538347 0.8085123 0.3746224 -0.09409933	-0.6432442 0.00631094 0.765635 -0.09964694	0 0 0 1	
-0.6542079 0.5598139 -0.5085477 0.3111879	0.4268789 0.8283718 0.3627321 -0.08443849	-0.624329 -0.02021402 0.7809001 -0.1086592	0 0 0 1	
-0.6923599 0.5238905 -0.4961618 0.3170704	0.3923156 0.8504306 0.3505085 -0.07229396	-0.6055793 -0.04802601 0.7943345 -0.1182021	0 0 0 1	
-0.7722433 0.4305041 -0.467233 0.326483	0.3063146 0.8965921 0.3198343 -0.0397799	-0.5566074 -0.1038696 0.8242569 -0.1421813	0 0 0 1	
-0.8082074 0.3756325 -0.453543 0.3298168	0.2561432 0.9177158 0.3036253 -0.0201291	-0.5302751 -0.1292202 0.8379204 -0.1547868	0 0 0 1	
-0.8424277 0.3146221 -0.4374112 0.331319	0.2047675 0.9378459 0.2802059 0.003182001	-0.4983833 -0.1464856 0.8544917 -0.1684866	0 0 0 1	
-0.8730178 0.2538143 -0.4164352 0.3308187	0.1573468 0.9548244 0.2520958 0.02824916	-0.4616081 -0.1545594 0.8735156 -0.1825566	0 0 0 1	
-0.8999172 0.1992841 -0.3878595 0.3286922	0.1176123 0.9674244 0.2241816 0.05268527	-0.4199006 -0.1561278 0.8940402 -0.1973527	0 0 0 1	
-0.9350771 0.1305628 -0.3295211 0.3279411	0.07172031 0.9801491 0.1848348 0.09035015	-0.3471124 -0.1492014 0.925879 -0.2211891	0 0 0 1	
-0.9467391 0.1172926 -0.2998793 0.3304926	0.06691858 0.9826329 0.1730734 0.1024457	-0.3149715 -0.1437879 0.9381461 -0.230825	0 0 0 1	
-0.9551556 0.1195861 -0.270882 0.3359076	0.07553735 0.982958 0.1675939 0.1087714	-0.2863075 -0.1396165 0.947911 -0.2389951	0 0 0 1	
-0.9630612 0.1265821 -0.2376767 0.3410882	0.08890593 0.9826006 0.1630696 0.1129556	-0.2541829 -0.1359151 0.9575585 -0.2484901	0 0 0 1	
-0.9712634 0.1255321 -0.2022109 0.3433073	0.09440182 0.983097 0.1568717 0.1195507	-0.2184854 -0.1332746 0.9666965 -0.2594784	0 0 0 1	
-0.9797293 0.1136291 -0.1649823 0.3416753	0.08923484 0.9848906 0.1484173 0.1299742	-0.1793541 -0.1306866 0.9750657 -0.2717199	0 0 0 1	
-0.9877955 0.09307541 -0.1248887 0.3362195	0.07571998 0.9876502 0.1371629 0.1439753	-0.1361128 -0.1260323 0.982644 -0.2848932	0 0 0 1	
-0.9942288 0.07004631 -0.08125741 0.328056	0.06011472 0.9910948 0.1188168 0.1612364	-0.08885647 -0.1132463 0.9895858 -0.2973647	0 0 0 1	
-0.998095 0.04925464 -0.03716014 0.319328	0.04565391 0.994693 0.0922041 0.1809669	-0.04150441 -0.09033192 0.9950467 -0.3070186	0 0 0 1	
-0.9993484 0.036082 0.001130243 0.3136277	0.036082 0.9973883 0.06256679 0.199798	-0.001130243 -0.06256679 0.9980403 -0.3128211	0 0 0 1	
-0.9988085 0.03109037 0.03761599 0.3103215	0.03242638 0.9988455 0.03544405 0.2155082	0.03647059 -0.03662157 0.9986634 -0.3180856	0 0 0 1	
-0.9970796 0.02981013 0.07031205 0.3087144	0.0310725 0.9993738 0.01692868 0.2274417	0.06976337 -0.01906401 0.9973816 -0.3244127	0 0 0 1	
-0.9944685 0.02784472 0.1012795 0.3069114	0.02875268 0.9995583 0.007515918 0.2365233	0.1010254 -0.0103864 0.9948298 -0.3329987	0 0 0 1	
-0.9914263 0.02548257 0.1281569 0.3059144	0.02682798 0.9996015 0.008782593 0.2417223	0.127882 -0.01214549 0.991715 -0.3437441	0 0 0 1	
-0.9882666 0.02245222 0.1510808 0.3056636	0.02523438 0.999545 0.01652281 0.2443228	0.1506411 -0.02014137 0.9883835 -0.3555083	0 0 0 1	
-0.9850669 0.01901343 0.1711192 0.3060476	0.02297696 0.9995109 0.02121161 0.2475694	0.1706322 -0.02482665 0.9850221 -0.3655176	0 0 0 1	
-0.9824533 0.01927273 0.1855094 0.3094945	0.02374361 0.999478 0.02190898 0.2502566	0.1849903 -0.02592921 0.9823982 -0.3725595	0 0 0 1	
-0.9802519 0.02550649 0.1961012 0.3161557	0.030275 0.9993134 0.02135707 0.2504541	0.1954218 -0.02687228 0.9803511 -0.3781682	0 0 0 1	
-0.9773914 0.03111531 0.2091377 0.3214616	0.03656933 0.9990831 0.02226165 0.2498001	0.2082532 -0.02940637 0.9776331 -0.3850181	0 0 0 1	
-0.9748728 0.03231837 0.2204071 0.3256988	0.03837005 0.9989935 0.02323005 0.2506606	0.2194345 -0.03110336 0.9751316 -0.3909658	0 0 0 1	
-0.9719751 0.03546681 0.2323937 0.3282033	0.04161575 0.9989 0.02160849 0.2471887	0.2313717 -0.03067414 0.9723818 -0.3975321	0 0 0 1	
-0.9689428 0.04457494 0.2432345 0.3348224	0.05005801 0.9986116 0.01640515 0.2468578	0.2421655 -0.02807149 0.9698288 -0.4019248	0 0 0 1	
-0.9657799 0.05470444 0.2535282 0.3417878	0.0585188 0.998258 0.007522365 0.2475279	0.252675 -0.02210111 0.9672987 -0.4049778	0 0 0 1	
-0.9624288 0.05989227 0.264847 0.3465779	0.06062476 0.9981459 -0.005415266 0.2522025	0.2646803 -0.01084448 0.9642754 -0.4068492	0 0 0 1	
-0.9582222 0.0646164 0.2786308 0.3499761	0.06135326 0.9979071 -0.02042529 0.258101	0.2793674 0.002477062 0.9601811 -0.4090364	0 0 0 1	
-0.953647 0.07016271 0.2926338 0.3534299	0.06262273 0.997421 -0.03506693 0.2635362	0.2943395 0.01511594 0.9555813 -0.4115349	0 0 0 1	
-0.9487653 0.07159762 0.3077638 0.3460337	0.05953887 0.9970515 -0.04840762 0.2601522	0.3103223 0.02760355 0.9502307 -0.4172366	0 0 0 1	
-0.9426471 0.0712503 0.326098 0.3452103	0.05518807 0.996775 -0.05825748 0.2662719	0.3291972 0.03691952 0.9435391 -0.4224622	0 0 0 1	
-0.9337578 0.06874993 0.3512405 0.3402762	0.05205092 0.9970291 -0.05677802 0.2685077	0.3541004 0.03473453 0.9345622 -0.4340152	0 0 0 1	
-0.9244378 0.06374927 0.3759668 0.3340877	0.05062068 0.9977168 -0.04470623 0.2667816	0.3779584 0.02229643 0.9255542 -0.4491727	0 0 0 1	
-0.9156224 0.05736509 0.3979263 0.3282553	0.04914717 0.9983156 -0.03083042 0.2643256	0.3990246 0.00867207 0.9168993 -0.4640557	0 0 0 1	
-0.908932 0.05180644 0.4137133 0.3256114	0.04681234 0.9986568 -0.0222077 0.263631	0.4143081 0.0008183988 0.9101363 -0.4750183	0 0 0 1	
-0.9051095 0.04848621 0.4224056 0.3273144	0.04329976 0.9988227 -0.02187026 0.2657439	0.4229687 0.001504911 0.9061433 -0.4807036	0 0 0 1	
-0.9041768 0.04820702 0.4244294 0.3334888	0.04038025 0.998808 -0.02742192 0.2690875	0.4252454 0.007655692 0.9050457 -0.4821017	0 0 0 1	
-0.9037066 0.05090165 0.4251158 0.3413332	0.03950619 0.9985855 -0.03558476 0.2720721	0.4263258 0.01536348 0.9044392 -0.4824268	0 0 0 1	
-0.9031918 0.05552734 0.4256305 0.3499496	0.04033931 0.9981892 -0.0446224 0.2744628	0.4273375 0.02313294 0.9037962 -0.4826769	0 0 0 1	
-0.9035914 0.06214099 0.4238647 0.3605049	0.04285451 0.9975722 -0.0548929 0.2763377	0.4262468 0.03143623 0.9040606 -0.4819139	0 0 0 1	
-0.9053228 0.06932435 0.4190286 0.3730238	0.04528071 0.9967204 -0.06706784 0.2787757	0.4223038 0.04174412 0.9054928 -0.4792175	0 0 0 1	
-0.9070189 0.07518322 0.4143235 0.3851621	0.04672996 0.9958259 -0.07840353 0.2814416	0.4184887 0.05175217 0.9067463 -0.476466	0 0 0 1	
-0.9101295 0.08044815 0.4064386 0.398791	0.04914941 0.9950051 -0.08688639 0.2826666	0.4113984 0.05910164 0.9095376 -0.4731557	0 0 0 1	
-0.9118674 0.08360623 0.4018807 0.4100059	0.0512166 0.9945608 -0.09069543 0.2828785	0.4072775 0.06211923 0.9111897 -0.4726596	0 0 0 1	
-0.9151534 0.07382397 0.3962886 0.4256856	0.04703469 0.9959278 -0.07691213 0.2821839	0.4003528 0.05174707 0.914899 -0.4786491	0 0 0 1	
-0.9198184 0.06163378 0.3874735 0.4426564	0.04250038 0.9974251 -0.05776513 0.2797774	0.390036 0.03666565 0.9200695 -0.4850715	0 0 0 1	
-0.9242284 0.06659332 0.3759883 0.4668499	0.05472016 0.9976103 -0.04218284 0.2671928	0.3778989 0.01841244 0.9256638 -0.4906415	0 0 0 1	
-0.9253608 0.06774367 0.3729854 0.4770393	0.05789596 0.997616 -0.03755515 0.263431	0.3746403 0.01315772 0.9270768 -0.4930799	0 0 0 1	
-0.9261497 0.06859122 0.3708665 0.4866073	0.05974792 0.9975892 -0.03529666 0.261215	0.3723935 0.01053149 0.9280152 -0.4948782	0 0 0 1	
-0.9273549 0.07255109 0.3670824 0.506179	0.06289651 0.9972882 -0.03821206 0.2591755	0.3688593 0.01234794 0.9294034 -0.4958889	0 0 0 1	
-0.9281511 0.0776875 0.3640057 0.5176785	0.06715524 0.9968781 -0.04152339 0.2565354	0.3660952 0.01409509 0.9304707 -0.4953038	0 0 0 1	
-0.9288143 0.08212125 0.3613315 0.528864	0.07112081 0.9965116 -0.04366287 0.2535639	0.3636567 0.0148565 0.9314147 -0.4951239	0 0 0 1	
-0.9317404 0.08057307 0.3540742 0.5491401	0.06972185 0.9966254 -0.0433201 0.2527314	0.3563697 0.01567637 0.9342139 -0.4935933	0 0 0 1	
-0.9364263 0.0756039 0.3426222 0.570608	0.07012002 0.9971347 -0.02838417 0.2467184	0.3437864 0.002555002 0.9390444 -0.4934207	0 0 0 1	
-0.9412194 0.07593248 0.3291513 0.5948769	0.07886922 0.996875 -0.004441619 0.2321469	0.32846 -0.02177937 0.9442669 -0.4946758	0 0 0 1	
-0.9439518 0.07565293 0.3212969 0.6074341	0.08277777 0.9965314 0.008551916 0.2249042	0.3195355 -0.03466884 0.9469399 -0.4942648	0 0 0 1	
-0.9464581 0.07451359 0.31411 0.6192926	0.08483572 0.996208 0.01930024 0.2196745	0.3114808 -0.04491461 0.9491906 -0.4931731	0 0 0 1	
-0.9491971 0.07115149 0.3065327 0.6390837	0.08494185 0.9958762 0.03186768 0.2149281	0.3030012 -0.05628616 0.9513265 -0.4921733	0 0 0 1	
-0.9491234 0.07078525 0.3068459 0.6474218	0.08458712 0.9959053 0.03189942 0.2148104	0.3033315 -0.0562317 0.9512246 -0.4926426	0 0 0 1	
-0.9484923 0.07366049 0.3081172 0.6563448	0.08626027 0.9958943 0.02745432 0.2144418	0.3048298 -0.0526185 0.9509519 -0.4926735	0 0 0 1	
-0.9469099 0.08606303 0.309766 0.676852	0.09318912 0.9956142 0.008251786 0.2135757	0.3076972 -0.03668052 0.9507771 -0.4896359	0 0 0 1	
-0.947264 0.09444164 0.3062224 0.6992932	0.09498259 0.9953918 -0.01316979 0.2170976	0.306055 -0.01661053 0.9518691 -0.4819871	0 0 0 1	
-0.9509798 0.1021888 0.2918825 0.7274521	0.1019093 0.9946617 -0.01620382 0.2108539	0.2919801 -0.01433603 0.9563172 -0.47114	0 0 0 1	
-0.9561768 0.09411778 0.2772513 0.7516575	0.0982399 0.9951622 0.0009818682 0.2079436	0.2758176 -0.02817598 0.9607971 -0.463828	0 0 0 1	
-0.9604076 0.08535715 0.2652009 0.7743661	0.09496761 0.9952005 0.02360522 0.203473	0.2619132 -0.04785613 0.9639043 -0.4592745	0 0 0 1	
-0.9643482 0.07513147 0.2537484 0.7964469	0.08789299 0.9953536 0.03931866 0.2043784	0.2496153 -0.06021957 0.966471 -0.452174	0 0 0 1	
-0.9665083 0.06496989 0.2482751 0.8161249	0.07587586 0.9965166 0.03460305 0.2153139	0.2451621 -0.05228222 0.9680713 -0.4436526	0 0 0 1	
-0.9674282 0.0564905 0.246762 0.8344814	0.06112767 0.9980675 0.01116585 0.2332632	0.2456544 -0.02588614 0.9690118 -0.4320533	0 0 0 1	
-0.9675082 0.05282888 0.2472594 0.8532012	0.05067078 0.9986014 -0.01508783 0.2475435	0.2477107 0.002068766 0.9688319 -0.4207307	0 0 0 1	
-0.9679382 0.05089493 0.2459791 0.8633274	0.04717002 0.9986658 -0.02101546 0.2512667	0.2467205 0.008738818 0.9690474 -0.4159164	0 0 0 1	
-0.9681922 0.05090769 0.2449754 0.8740535	0.04666147 0.9986434 -0.02310999 0.2514421	0.2458196 0.01094399 0.9692541 -0.4127919	0 0 0 1	
-0.06627834 0.007830249 -0.9977704 -0.0003485501	0.05916186 0.9982408 0.003904026 -0.009242641	-0.9960457 0.0587712 0.066625 -0.004352693	0 0 0 1	
-0.06630766 0.007881451 -0.9977681 -0.0002798957	0.05918078 0.9982395 0.003952261 -0.009267243	-0.9960427 0.05878663 0.0666573 -0.004296655	0 0 0 1	
-0.06635511 0.007947842 -0.9977645 -0.0002051324	0.05917548 0.9982395 0.004016241 -0.009291297	-0.9960399 0.05877668 0.06670868 -0.004235891	0 0 0 1	
-0.06633043 0.007953325 -0.9977661 -0.0001342773	0.05919924 0.9982381 0.004021587 -0.009314344	-0.9960401 0.05880024 0.06668448 -0.004165172	0 0 0 1	
-0.06631351 0.007909488 -0.9977674 -6.483299E-05	0.05926974 0.9982341 0.003974006 -0.009337927	-0.9960369 0.05887389 0.06666517 -0.004083634	0 0 0 1	
