-1.192093E-07 1 0 0	-1 -1.192093E-07 0 0	0 0 -1 0	0 0 0 1	
0.3309939 0.07242718 -0.9408493 0	0.5930929 0.7595308 0.2671213 0	-0.7339509 0.6464265 -0.208444 0	0 0 0 1	
0.3288394 0.06984913 -0.9417992 0	0.5912434 0.7624111 0.2629838 0	-0.7364074 0.643312 -0.2094129 0	0 0 0 1	
0.3295783 0.06865048 -0.9416291 0	0.5895349 0.7640551 0.2620466 0	-0.7374461 0.6414881 -0.2113441 0	0 0 0 1	
0.3308046 0.06825367 -0.9412278 0	0.587411 0.7657126 0.2619781 0	-0.738591 0.6395512 -0.2132083 0	0 0 0 1	
0.3303528 0.06830412 -0.9413828 0	0.5865892 0.7665179 0.261464 0	-0.7394458 0.6385803 -0.2131549 0	0 0 0 1	
0.3285667 0.06840169 -0.9420007 0	0.5864973 0.766997 0.2602625 0	-0.7403142 0.6379944 -0.2118922 0	0 0 0 1	
0.3271768 0.06904846 -0.9424371 0	0.586369 0.7672593 0.259778 0	-0.7410309 0.6376092 -0.2105415 0	0 0 0 1	
0.32583 0.07022545 -0.9428167 0	0.5860159 0.7675574 0.2596939 0	-0.7419032 0.6371217 -0.20894 0	0 0 0 1	
0.3252237 0.07145071 -0.9429339 0	0.5855637 0.7677512 0.2601407 0	-0.7425259 0.6367518 -0.2078519 0	0 0 0 1	
0.3226935 0.06357068 -0.9443663 0	0.5921488 0.7648095 0.2538232 0	-0.738396 0.6411125 -0.2091557 0	0 0 0 1	
0.3213239 0.05989829 -0.9450731 0	0.5888466 0.7689519 0.2489431 0	-0.741627 0.6364944 -0.2118117 0	0 0 0 1	
0.3205128 0.05958095 -0.9453685 0	0.5874565 0.770408 0.2477225 0	-0.7430791 0.6347611 -0.2119244 0	0 0 0 1	
0.3179962 0.05860165 -0.9462792 0	0.5858355 0.7726003 0.2447154 0	-0.7454363 0.6321824 -0.211353 0	0 0 0 1	
0.3151716 0.05997604 -0.9471377 0	0.5835732 0.7747714 0.2432523 0	-0.7484045 0.6293904 -0.2091855 0	0 0 0 1	
0.3121186 0.06328255 -0.9479331 0	0.5810199 0.7767168 0.2431603 0	-0.7516634 0.6266629 -0.2056593 0	0 0 0 1	
0.3090335 0.06707394 -0.948683 0	0.5779255 0.7789677 0.2433339 0	-0.7553148 0.6234664 -0.2019633 0	0 0 0 1	
0.3059747 0.06887224 -0.9495453 0	0.5774684 0.7795292 0.24262 0	-0.7569081 0.622568 -0.1987446 0	0 0 0 1	
0.3033289 0.07084909 -0.9502485 0	0.5766772 0.7802285 0.2422539 0	-0.7585745 0.6214691 -0.1958088 0	0 0 0 1	
0.3006039 0.07098258 -0.9511041 0	0.5771149 0.7804029 0.2406447 0	-0.759326 0.621235 -0.193627 0	0 0 0 1	
0.2990128 0.07212564 -0.9515194 0	0.5754538 0.7817973 0.2400956 0	-0.7612124 0.6193472 -0.1922624 0	0 0 0 1	
0.298205 0.07322559 -0.9516889 0	0.5740579 0.7828186 0.2401093 0	-0.762582 0.6179264 -0.1914047 0	0 0 0 1	
0.2956327 0.07507069 -0.9523475 0	0.5741863 0.7827747 0.2399457 0	-0.7634863 0.6177607 -0.1883092 0	0 0 0 1	
0.2926628 0.07811835 -0.9530194 0	0.5743982 0.7824404 0.2405281 0	-0.7644706 0.6178062 -0.1841202 0	0 0 0 1	
0.290352 0.08070953 -0.9535102 0	0.5753287 0.7815053 0.2413428 0	-0.7646519 0.6186562 -0.1804771 0	0 0 0 1	
0.2854326 0.08399461 -0.954711 0	0.5761287 0.7810335 0.2409614 0	-0.7659007 0.6188146 -0.1745408 0	0 0 0 1	
0.2814313 0.08625202 -0.9556972 0	0.5773535 0.7802897 0.2404391 0	-0.766459 0.6194422 -0.1698 0	0 0 0 1	
0.2787513 0.0884383 -0.9562826 0	0.5785452 0.7793212 0.2407156 0	-0.7665397 0.6203525 -0.1660712 0	0 0 0 1	
0.2759815 0.09181347 -0.9567677 0	0.5790775 0.7786044 0.2417526 0	-0.7671397 0.6207619 -0.1617133 0	0 0 0 1	
0.2750334 0.09460337 -0.956769 0	0.5784929 0.7785643 0.2432768 0	-0.767921 0.6203933 -0.1594038 0	0 0 0 1	
0.2735972 0.09762311 -0.9568774 0	0.5791211 0.7775823 0.2449174 0	-0.7679604 0.6211566 -0.1562088 0	0 0 0 1	
0.2725298 0.09903122 -0.9570373 0	0.5791121 0.77745 0.2453584 0	-0.7683467 0.6210994 -0.1545281 0	0 0 0 1	
0.2706488 0.1014581 -0.9573168 0	0.577998 0.7781154 0.2458753 0	-0.769849 0.6198731 -0.1519535 0	0 0 0 1	
0.2686083 0.1020224 -0.9578314 0	0.5765449 0.7795575 0.2447164 0	-0.7716512 0.6179657 -0.1505752 0	0 0 0 1	
0.2652043 0.1018079 -0.9588023 0	0.5740818 0.7822641 0.2418534 0	-0.7746593 0.6145715 -0.1490136 0	0 0 0 1	
0.2635436 0.100203 -0.9594291 0	0.5720254 0.7846212 0.2390746 0	-0.7767445 0.6118243 -0.1494632 0	0 0 0 1	
0.2636804 0.09698187 -0.9597224 0	0.5696363 0.7872673 0.2360605 0	-0.7784517 0.6089373 -0.1523426 0	0 0 0 1	
0.266798 0.09159887 -0.9593896 0	0.5669425 0.79009 0.2330966 0	-0.7793556 0.6061084 -0.1588632 0	0 0 0 1	
0.2713148 0.08643977 -0.9586012 0	0.5656226 0.7915151 0.2314624 0	-0.7787549 0.6050058 -0.1658575 0	0 0 0 1	
0.2780737 0.07970621 -0.957247 0	0.5641047 0.7930515 0.2299028 0	-0.7774708 0.6039175 -0.1755641 0	0 0 0 1	
0.2899615 0.07042606 -0.9544436 0	0.5618671 0.7948002 0.2293426 0	-0.7747437 0.6027709 -0.1908914 0	0 0 0 1	
0.3015281 0.06339493 -0.9513475 1.881585E-09	0.5595138 0.7961561 0.2303905 -2.204607E-10	-0.7720267 0.6017612 -0.2045931 2.043123E-10	0 0 0 1	
0.3098211 0.05521786 -0.9491903 -0.002271447	0.5576006 0.798061 0.2284302 -0.0005033713	-0.7701252 0.6000414 -0.2164665 -0.0003294694	0 0 0 1	
0.3205515 0.04672822 -0.9460778 -0.004380213	0.5554922 0.7997345 0.2277128 -0.001146599	-0.7672517 0.5985325 -0.230399 -0.0006997884	0 0 0 1	
0.3336094 0.03800592 -0.941945 -0.006282219	0.5531002 0.8012462 0.2282209 -0.001909151	-0.7634035 0.5971266 -0.2462822 -0.001125394	0 0 0 1	
0.3488547 0.02919084 -0.9367221 -0.007954175	0.550478 0.8025368 0.2300187 -0.002788227	-0.7584684 0.595888 -0.2638998 -0.001614999	0 0 0 1	
0.3661405 0.02034029 -0.9303373 -0.009391997	0.5473487 0.8038199 0.232987 -0.003792461	-0.7525626 0.5945249 -0.2831778 -0.002192275	0 0 0 1	
0.3745063 0.01169321 -0.9271506 -0.01061933	0.545186 0.8060368 0.2303841 -0.002213364	-0.7500114 0.5917498 -0.2954909 -0.002641423	0 0 0 1	
0.3946453 0.002976924 -0.9188288 -0.01156031	0.5402689 0.808109 0.2346686 -0.003311463	-0.7432124 0.5890254 -0.3173081 -0.003498773	0 0 0 1	
0.4156918 -0.005535364 -0.9094887 -0.01227671	0.5342836 0.8107361 0.2392659 -0.004481254	-0.7360309 0.5853857 -0.3399737 -0.004495035	0 0 0 1	
0.4371025 -0.0134432 -0.8993112 -0.01278669	0.5270811 0.8140284 0.2440149 -0.005716048	-0.7287845 0.5806695 -0.3628995 -0.005620372	0 0 0 1	
0.4593853 -0.02103202 -0.8879882 -0.01311491	0.5189844 0.8176759 0.249121 -0.007003535	-0.7208471 0.5752944 -0.3865436 -0.006834097	0 0 0 1	
0.4823174 -0.02836643 -0.8755371 -0.01329445	0.5104838 0.8213294 0.2546061 -0.008322686	-0.7118821 0.5697485 -0.4106221 -0.008101801	0 0 0 1	
0.5041735 -0.0347136 -0.8629045 -0.01338957	0.5016732 0.8250842 0.259923 -0.009657572	-0.702946 0.5639423 -0.4334005 -0.009442108	0 0 0 1	
0.5187132 -0.04098041 -0.8539658 -0.01677702	0.4934744 0.8300169 0.2599136 -0.01032717	-0.6981546 0.5562308 -0.4507635 -0.01404902	0 0 0 1	
0.539813 -0.04618396 -0.8405172 -0.01677344	0.4839928 0.8339774 0.2650145 -0.01161362	-0.6887329 0.5498625 -0.4725446 -0.01584407	0 0 0 1	
0.5611082 -0.05140203 -0.826145 -0.01673702	0.4741014 0.8380955 0.2698587 -0.01285229	-0.6785172 0.5430964 -0.494632 -0.0177651	0 0 0 1	
0.5827057 -0.05658801 -0.8107108 -0.01665398	0.4639205 0.8422233 0.2746594 -0.01403243	-0.6672571 0.5361509 -0.5170206 -0.01979353	0 0 0 1	
0.6045465 -0.06181583 -0.7941676 -0.01652666	0.4537609 0.8461378 0.2795567 -0.0151495	-0.6546942 0.5293673 -0.5395793 -0.02192171	0 0 0 1	
0.6268222 -0.06728519 -0.7762517 -0.01634516	0.4438678 0.8496374 0.2847764 -0.01618472	-0.6403713 0.5230573 -0.5624374 -0.02414355	0 0 0 1	
0.6421956 -0.07473776 -0.7628886 -0.01923175	0.4380858 0.8524699 0.2852646 -0.01842211	-0.6290196 0.5174063 -0.580194 -0.03003704	0 0 0 1	
0.6661052 -0.08158559 -0.7413824 -0.01886666	0.4291966 0.854864 0.2915439 -0.01931152	-0.6099952 0.5123976 -0.6044456 -0.03263865	0 0 0 1	
0.6899228 -0.08913599 -0.7183741 -0.01843652	0.4204907 0.8571414 0.2974829 -0.02013576	-0.5892318 0.5073099 -0.6288423 -0.03536002	0 0 0 1	
0.7127921 -0.09741679 -0.6945772 -0.01803829	0.4117807 0.8597896 0.3019911 -0.02091715	-0.5677711 0.5012703 -0.6529655 -0.03823604	0 0 0 1	
0.7335125 -0.1063228 -0.6713083 -0.01777759	0.4035964 0.8628379 0.3043366 -0.02165184	-0.5468723 0.4941723 -0.6758139 -0.04128408	0 0 0 1	
0.7446086 -0.1144964 -0.6576083 -0.01706735	0.3990794 0.8660738 0.3010844 -0.02228294	-0.5350642 0.4866279 -0.6905792 -0.04560622	0 0 0 1	
0.7603309 -0.1208523 -0.638194 -0.01693582	0.3912819 0.8694749 0.3015159 -0.02292609	-0.5184548 0.4789656 -0.708376 -0.04908472	0 0 0 1	
0.7744596 -0.1247366 -0.6202042 -0.01672881	0.3823175 0.8733721 0.3017523 -0.02351953	-0.5040295 0.4708099 -0.7240804 -0.05277271	0 0 0 1	
0.7868528 -0.1259365 -0.6041544 -0.01651135	0.3715559 0.8783212 0.300829 -0.0241158	-0.4927563 0.4611853 -0.737902 -0.05669584	0 0 0 1	
0.7971117 -0.1247017 -0.5908151 -0.01642076	0.3591327 0.8844835 0.2978466 -0.02474974	-0.4854242 0.449598 -0.7498167 -0.0608469	0 0 0 1	
0.8053063 -0.1210091 -0.5803781 -0.01653231	0.3453865 0.8914237 0.2933803 -0.02542618	-0.481861 0.4367157 -0.7596639 -0.06515142	0 0 0 1	
0.811685 -0.1164855 -0.5723622 -0.01512448	0.3329853 0.8973625 0.2895883 -0.0267683	-0.4798836 0.4256427 -0.7671636 -0.06740973	0 0 0 1	
0.8184157 -0.1099799 -0.5640038 -0.01551169	0.3180742 0.9041368 0.2852464 -0.02747197	-0.4785652 0.4128451 -0.7749415 -0.07148943	0 0 0 1	
0.8254067 -0.1042894 -0.5548221 -0.01585461	0.30409 0.9101611 0.2813114 -0.02813914	-0.4756397 0.4009121 -0.7829664 -0.07545328	0 0 0 1	
0.8333853 -0.1005163 -0.5434754 -0.01603649	0.2916004 0.9152919 0.2778668 -0.02873671	-0.4695085 0.3900477 -0.7921014 -0.07924078	0 0 0 1	
0.8422855 -0.09860457 -0.5299362 -0.01603721	0.2807181 0.9195259 0.275081 -0.02924505	-0.4601658 0.3804594 -0.8021834 -0.08280648	0 0 0 1	
0.8513229 -0.09794756 -0.5154179 -0.01594002	0.2715669 0.9228349 0.2731797 -0.02963035	-0.4488884 0.3725345 -0.8122298 -0.08611213	0 0 0 1	
0.8600309 -0.09776004 -0.5007892 -0.01730742	0.2636718 0.9254211 0.2721637 -0.02939284	-0.4368342 0.3661132 -0.8216673 -0.08756401	0 0 0 1	
0.867954 -0.09751461 -0.4869772 -0.01714119	0.2571618 0.9270931 0.2727018 -0.0296385	-0.4248808 0.3619245 -0.8297512 -0.09040188	0 0 0 1	
0.8754979 -0.09791272 -0.4731982 -0.01683391	0.2520906 0.9279859 0.2743949 -0.02976323	-0.4122545 0.359521 -0.8371326 -0.09297541	0 0 0 1	
0.8826014 -0.09907284 -0.4595642 -0.01640544	0.2484647 0.9281636 0.2770875 -0.02977274	-0.399099 0.3587433 -0.8438147 -0.09531635	0 0 0 1	
0.8892441 -0.1007771 -0.4461939 -0.01587775	0.2458147 0.9278977 0.2803231 -0.02972149	-0.3857721 0.3589566 -0.8499 -0.09747524	0 0 0 1	
0.8955128 -0.1031459 -0.4329178 -0.0155131	0.2435797 0.9277297 0.2828187 -0.02985126	-0.3724591 0.3587178 -0.855918 -0.1009973	0 0 0 1	
0.9011549 -0.105258 -0.4205242 -0.01481759	0.2412462 0.9277464 0.2847576 -0.02990395	-0.3601668 0.3580606 -0.8614363 -0.1030041	0 0 0 1	
0.9059063 -0.1069981 -0.4097379 -0.01423425	0.2387535 0.9281659 0.2854905 -0.03008262	-0.3497578 0.356454 -0.8663775 -0.1048993	0 0 0 1	
0.91002 -0.1080654 -0.4002318 -0.01378571	0.2358711 0.9289002 0.2854982 -0.03035286	-0.340923 0.3542121 -0.8708073 -0.1066703	0 0 0 1	
0.9138672 -0.1086644 -0.3912017 -0.01341435	0.2326072 0.9298455 0.2850986 -0.03066707	-0.3327771 0.3515386 -0.8750315 -0.1083006	0 0 0 1	
0.917281 -0.1089405 -0.3830502 -0.01319875	0.2292416 0.9309582 0.2841922 -0.0310096	-0.3256437 0.3484952 -0.878924 -0.1097943	0 0 0 1	
0.9200777 -0.1085716 -0.3763897 -0.01323396	0.2257289 0.9322128 0.2828884 -0.03138909	-0.3201616 0.3452413 -0.882216 -0.1111676	0 0 0 1	
0.9224054 -0.1076675 -0.3709123 -0.0137168	0.2220562 0.9335989 0.281219 -0.03162863	-0.3160052 0.3417613 -0.885065 -0.1149029	0 0 0 1	
0.9238425 -0.1056394 -0.3679065 -0.01440093	0.2182527 0.9349867 0.2795812 -0.03200105	-0.3144529 0.3385857 -0.8868366 -0.1162069	0 0 0 1	
0.9243947 -0.1032681 -0.3671924 -0.015491	0.2147713 0.9364681 0.27731 -0.03240945	-0.3152267 0.3352063 -0.8878451 -0.1174442	0 0 0 1	
0.9242933 -0.1011185 -0.3680448 -0.01690401	0.2119609 0.9378978 0.2746275 -0.03281532	-0.3174185 0.3318475 -0.8883258 -0.1186074	0 0 0 1	
0.9237067 -0.09939123 -0.3699829 -0.0185953	0.2099115 0.939191 0.2717674 -0.03318617	-0.3204733 0.3286971 -0.8884003 -0.1196854	0 0 0 1	
0.9225786 -0.09835552 -0.3730614 -0.02058893	0.2088799 0.9403173 0.2686493 -0.03351054	-0.324373 0.3257751 -0.8880612 -0.120663	0 0 0 1	
0.9211161 -0.09797804 -0.3767565 -0.02281596	0.2087869 0.9411771 0.2656949 -0.03375183	-0.3285623 0.3233976 -0.8873899 -0.1215267	0 0 0 1	
0.9199225 -0.09879243 -0.3794504 -0.02677882	0.2095532 0.9418125 0.2628243 -0.03321091	-0.3314061 0.321293 -0.8870969 -0.125665	0 0 0 1	
0.9181099 -0.09895505 -0.3837736 -0.02949104	0.2106937 0.9420242 0.2611486 -0.03314441	-0.335682 0.3206218 -0.8857309 -0.1264228	0 0 0 1	
0.9159378 -0.09873234 -0.3889857 -0.03248322	0.2121559 0.9418777 0.2604924 -0.03292441	-0.3406579 0.3211204 -0.883648 -0.1270523	0 0 0 1	
0.9135342 -0.09770161 -0.394854 -0.03570277	0.2134692 0.9414597 0.2609301 -0.03253983	-0.3462459 0.3226577 -0.8809119 -0.1275409	0 0 0 1	
0.9106985 -0.09581096 -0.4018065 -0.03921606	0.2146993 0.9408038 0.262283 -0.03196484	-0.3528916 0.3251283 -0.8773592 -0.1278555	0 0 0 1	
0.9080851 -0.09382966 -0.408139 -0.04421074	0.2158863 0.9399856 0.264235 -0.03041157	-0.3588517 0.3280594 -0.8738435 -0.1307016	0 0 0 1	
0.9049588 -0.0909841 -0.415658 -0.04816114	0.2169833 0.9389871 0.2668735 -0.02944921	-0.3660163 0.3317004 -0.8694866 -0.1307946	0 0 0 1	
0.9010785 -0.08741554 -0.4247542 -0.05251735	0.2181312 0.9379065 0.2697224 -0.02837884	-0.3748018 0.3356932 -0.8641954 -0.1306752	0 0 0 1	
0.8952891 -0.08221462 -0.4378335 -0.05765054	0.2193066 0.9368204 0.2725293 -0.02724908	-0.3877655 0.3400123 -0.8567553 -0.1302038	0 0 0 1	
0.8877828 -0.07500928 -0.4541093 -0.06342345	0.2200395 0.9357463 0.2756113 -0.02600766	-0.4042577 0.3446049 -0.8472445 -0.1293134	0 0 0 1	
0.8799492 -0.06764187 -0.4702277 -0.07088973	0.2206875 0.9347326 0.2785177 -0.02436876	-0.4206977 0.3488548 -0.8374448 -0.1303343	0 0 0 1	
0.8721526 -0.05956538 -0.4855944 -0.07684965	0.2209961 0.9334897 0.282414 -0.02268167	-0.4364753 0.3536225 -0.8273091 -0.1288398	0 0 0 1	
0.8647872 -0.05151331 -0.4994893 -0.08272299	0.221687 0.9317014 0.287728 -0.02062357	-0.4505531 0.3595538 -0.8171432 -0.1269959	0 0 0 1	
0.8560195 -0.04243559 -0.5151989 -0.08892751	0.2227097 0.9296658 0.2934652 -0.01833034	-0.4665095 0.3659517 -0.8052629 -0.1245281	0 0 0 1	
0.8443143 -0.03141049 -0.5349269 -0.09578364	0.2239815 0.927575 0.29906 -0.01589503	-0.4867912 0.3723143 -0.7902002 -0.1211674	0 0 0 1	
0.8305075 -0.01960643 -0.5566623 -0.1029745	0.2257805 0.9254467 0.3042557 -0.01335498	-0.5091959 0.3783701 -0.7730172 -0.1170412	0 0 0 1	
0.816657 -0.01033463 -0.5770308 -0.1116555	0.2292038 0.923415 0.3078479 -0.01088185	-0.5296574 0.3836638 -0.7564821 -0.1139947	0 0 0 1	
0.8027436 -0.00383874 -0.596312 -0.1184894	0.2343335 0.9215658 0.3095227 -0.008548224	-0.5483525 0.3882032 -0.7406806 -0.1092826	0 0 0 1	
0.7877433 0.0007598922 -0.6160032 -0.1252886	0.2408907 0.919987 0.3091853 -0.006453422	-0.5669498 0.391948 -0.7245306 -0.1041685	0 0 0 1	
0.7701734 0.005730413 -0.6378088 -0.1321878	0.2477558 0.9187522 0.3074272 -0.004541599	-0.58775 0.3947931 -0.7061788 -0.09830192	0 0 0 1	
0.7497847 0.01163806 -0.6615795 -0.1390097	0.2546554 0.9177564 0.3047519 -0.00272257	-0.6107155 0.3969731 -0.685156 -0.09154191	0 0 0 1	
0.7282348 0.0178734 -0.6850947 -0.1453597	0.2621337 0.9163792 0.3025476 -0.0008117054	-0.6332141 0.3999121 -0.662654 -0.08410868	0 0 0 1	
0.708227 0.0225278 -0.7056252 -0.1524914	0.2717889 0.9137553 0.3019636 0.000901523	-0.6515713 0.4056399 -0.6410234 -0.07767798	0 0 0 1	
0.6891709 0.02623977 -0.7241235 -0.1575396	0.2844183 0.9093449 0.3036413 0.002918638	-0.6664456 0.4152148 -0.619231 -0.06986541	0 0 0 1	
0.669942 0.02980213 -0.741815 -0.1621298	0.2995287 0.9034129 0.3068022 0.004762083	-0.6793087 0.4277346 -0.5963077 -0.06166295	0 0 0 1	
0.6494198 0.03379615 -0.7596787 -0.1663052	0.3160609 0.8966368 0.3100773 0.006278154	-0.6916354 0.441475 -0.5716121 -0.05294323	0 0 0 1	
0.6284893 0.03831038 -0.7768742 -0.1699043	0.3328801 0.8894498 0.313161 0.007521955	-0.702988 0.4554243 -0.5462569 -0.04393142	0 0 0 1	
0.6070888 0.04445453 -0.7933895 -0.1728447	0.3493876 0.8818133 0.3167547 0.008624945	-0.7137026 0.4694987 -0.5198072 -0.03456372	0 0 0 1	
0.5843421 0.05306742 -0.8097704 -0.1751104	0.3654196 0.8737606 0.3209531 0.009575639	-0.7245776 0.4834524 -0.4911833 -0.02467151	0 0 0 1	
0.5609458 0.06221655 -0.8255113 -0.178054	0.3812063 0.8657492 0.3242839 0.01092574	-0.7348616 0.4965958 -0.4619211 -0.01576849	0 0 0 1	
0.5376936 0.07161652 -0.8400933 -0.1792004	0.396618 0.8577769 0.3269756 0.0113051	-0.7440295 0.5090088 -0.4328167 -0.005748622	0 0 0 1	
0.5122197 0.08123539 -0.855004 -0.1799704	0.4119492 0.8502878 0.3275797 0.01110005	-0.7536105 0.520011 -0.4020693 0.004516885	0 0 0 1	
0.4830279 0.09252685 -0.8707026 -0.180209	0.4260281 0.8439248 0.3260232 0.01044179	-0.7649733 0.5284221 -0.3682201 0.0152507	0 0 0 1	
0.4521924 0.104765 -0.8857462 -0.1797449	0.4377599 0.8391687 0.3227417 0.009674188	-0.7771025 0.5336856 -0.3336039 0.02597001	0 0 0 1	
0.4191919 0.1178683 -0.900214 -0.1785561	0.4463447 0.8366824 0.3173939 0.008904304	-0.7906039 0.5348547 -0.2981206 0.03664606	0 0 0 1	
0.3845233 0.1304958 -0.913845 -0.1817129	0.4518093 0.8366748 0.3095861 0.008793611	-0.8049908 0.5319268 -0.2627618 0.04838857	0 0 0 1	
0.3511682 0.1432573 -0.9252882 -0.1792659	0.4525824 0.8391396 0.3016849 0.00859138	-0.8196646 0.5247113 -0.2298434 0.05827253	0 0 0 1	
0.3190691 0.1562647 -0.93476 -0.176308	0.4495197 0.8433548 0.2944225 0.009050239	-0.8343421 0.5141342 -0.1988444 0.06751357	0 0 0 1	
0.2849992 0.169354 -0.9434483 -0.1727939	0.444773 0.8485255 0.286673 0.009749305	-0.8490891 0.501322 -0.166505 0.07672967	0 0 0 1	
0.2481453 0.182672 -0.9513437 -0.1685032	0.4402827 0.8535002 0.2787265 0.01042928	-0.8628876 0.4880248 -0.1313647 0.0861753	0 0 0 1	
0.2076499 0.1978034 -0.9579956 -0.1630962	0.4358492 0.8580487 0.2716391 0.01129816	-0.8757381 0.4739475 -0.09196126 0.09603154	0 0 0 1	
0.1651415 0.2127721 -0.9630454 -0.1619478	0.4320603 0.8621631 0.2645725 0.01268898	-0.8865958 0.4597856 -0.05044848 0.1060074	0 0 0 1	
0.1226127 0.229391 -0.9655806 -0.1548036	0.4281866 0.8654851 0.2599841 0.01412801	-0.8953336 0.4453261 -0.007897258 0.1158447	0 0 0 1	
0.07928556 0.2481116 -0.9654815 -0.1466347	0.4249451 0.8677087 0.2578824 0.0159311	-0.9017403 0.430723 0.03663707 0.1254925	0 0 0 1	
0.03455269 0.2677825 -0.9628596 -0.1375865	0.4225621 0.8691659 0.256889 0.01789955	-0.9056751 0.4157442 0.08312273 0.134903	0 0 0 1	
-0.01286602 0.286147 -0.9580995 -0.1277831	0.4212324 0.8705583 0.2543453 0.01976791	-0.9068615 0.4003101 0.1317351 0.1440873	0 0 0 1	
-0.06149924 0.3023106 -0.9512236 -0.1174326	0.4204348 0.8721973 0.2500128 0.02170615	-0.9052362 0.3845519 0.1807413 0.1528231	0 0 0 1	
-0.1088614 0.3171192 -0.9421171 -0.1095069	0.4204496 0.8734891 0.245436 0.02368107	-0.9007616 0.3693942 0.2284219 0.1622183	0 0 0 1	
-0.1550376 0.3321921 -0.9303825 -0.0981697	0.420395 0.8744292 0.24216 0.02642891	-0.8939974 0.3535843 0.2752213 0.1700147	0 0 0 1	
-0.2000908 0.3449571 -0.9170433 -0.08669979	0.4198361 0.8758751 0.2378667 0.02966336	-0.8852691 0.337413 0.3200799 0.177256	0 0 0 1	
-0.2421432 0.3546904 -0.9030845 -0.07559933	0.4181942 0.8780394 0.2327239 0.03360023	-0.8754887 0.3213122 0.3609407 0.1838299	0 0 0 1	
-0.2827094 0.3636571 -0.8875974 -0.06441222	0.4154431 0.8804734 0.2284153 0.03841051	-0.8645709 0.3041711 0.3999969 0.1898852	0 0 0 1	
-0.3222262 0.372755 -0.8701863 -0.05297264	0.4128036 0.8825436 0.225189 0.04381631	-0.8519177 0.2866542 0.4382533 0.1955056	0 0 0 1	
-0.3590453 0.3813772 -0.8518438 -0.04289779	0.4104769 0.8842186 0.222859 0.04954314	-0.8382095 0.2696458 0.4740211 0.2020031	0 0 0 1	
-0.3931487 0.389312 -0.8329888 -0.03204746	0.4072933 0.8859475 0.2218315 0.05607251	-0.824346 0.252058 0.5068733 0.2066821	0 0 0 1	
-0.4246082 0.3963501 -0.8140113 -0.0216294	0.4034576 0.887713 0.2217828 0.0632555	-0.8105121 0.2342482 0.5368407 0.2109721	0 0 0 1	
-0.4531156 0.4037812 -0.7947624 -0.01137368	0.4003327 0.8887491 0.223291 0.0708883	-0.796505 0.2169927 0.5643529 0.2150149	0 0 0 1	
-0.4786582 0.4129771 -0.7748138 -0.001004703	0.3976752 0.8887396 0.2280272 0.0791503	-0.7827777 0.1989772 0.5896332 0.2186575	0 0 0 1	
-0.5029562 0.4227264 -0.7538819 0.009598043	0.3941942 0.888426 0.2351812 0.08826236	-0.7691856 0.17889 0.6134756 0.2216266	0 0 0 1	
-0.523114 0.4310412 -0.7352248 0.0181048	0.389912 0.8881384 0.2432669 0.09797893	-0.7578394 0.1594167 0.6326658 0.2249373	0 0 0 1	
-0.5387332 0.4356062 -0.7211198 0.02627551	0.3850906 0.8886255 0.2490982 0.1085612	-0.7493142 0.143499 0.64648 0.2275022	0 0 0 1	
-0.5501432 0.4393938 -0.7101237 0.03366916	0.3850522 0.8880547 0.2511843 0.1183847	-0.7409976 0.1352474 0.6577469 0.2313131	0 0 0 1	
-0.5594163 0.4429592 -0.7006001 0.04080092	0.389989 0.8864891 0.2490897 0.1272039	-0.731411 0.1338816 0.6686656 0.2366844	0 0 0 1	
-0.5733285 0.443967 -0.688613 0.04854611	0.3957135 0.8859835 0.2417521 0.1359134	-0.7174297 0.13389 0.6836433 0.2428595	0 0 0 1	
-0.5904567 0.4418634 -0.6753647 0.05623978	0.3990184 0.8872094 0.2316116 0.1455534	-0.7015305 0.1327263 0.7001704 0.2491381	0 0 0 1	
-0.6081564 0.4367458 -0.6628719 0.06435078	0.3980326 0.8902575 0.2213855 0.1560313	-0.6868159 0.1292076 0.7152549 0.2558099	0 0 0 1	
-0.6231914 0.4305333 -0.6528965 0.07017453	0.3933661 0.8941007 0.2141193 0.1686101	-0.6759407 0.1233901 0.726553 0.2611526	0 0 0 1	
-0.6391355 0.4215825 -0.6432527 0.07537572	0.3839417 0.8996002 0.2081063 0.1831232	-0.6664042 0.1139634 0.7368295 0.2654157	0 0 0 1	
-0.6577276 0.4097798 -0.6320403 0.08033378	0.3703255 0.9065829 0.2024018 0.1995792	-0.6559371 0.1009354 0.7480365 0.2682992	0 0 0 1	
-0.6765202 0.3972363 -0.6200997 0.0851547	0.3543055 0.9137522 0.1988078 0.2176296	-0.6455911 0.08520725 0.7589148 0.2699124	0 0 0 1	
-0.6945132 0.3845159 -0.6081113 0.08989666	0.3376853 0.9205401 0.196404 0.2367002	-0.6353112 0.06894511 0.7691725 0.2708036	0 0 0 1	
-0.7109159 0.3719589 -0.5968633 0.09454161	0.3213545 0.926715 0.1947581 0.2565539	-0.6255641 0.05334812 0.778347 0.2712421	0 0 0 1	
-0.7265161 0.3595051 -0.5856028 0.1018251	0.3057842 0.9323341 0.1930006 0.276806	-0.6153621 0.0388501 0.7872868 0.2726811	0 0 0 1	
-0.7437437 0.3437988 -0.5732781 0.1059799	0.2860279 0.9388033 0.191928 0.299461	-0.60418 0.02122834 0.7965652 0.2708228	0 0 0 1	
-0.761592 0.327053 -0.5594767 0.1099747	0.2637683 0.945006 0.1933651 0.3240145	-0.5919494 0.0003068671 0.8059752 0.2667226	0 0 0 1	
-0.7775526 0.3105477 -0.546784 0.1134231	0.241447 0.9503326 0.1963957 0.3495403	-0.5806169 -0.02068859 0.8139144 0.2614874	0 0 0 1	
-0.7908025 0.2928246 -0.5374805 0.1150997	0.22009 0.9554397 0.1967115 0.3752994	-0.5711322 -0.03726579 0.8200119 0.2571133	0 0 0 1	
-0.8028108 0.2727565 -0.5301875 0.1147996	0.2009676 0.9609807 0.1900739 0.4006797	-0.5613438 -0.04604284 0.8263009 0.255551	0 0 0 1	
-0.8144974 0.2517503 -0.5227005 0.1165435	0.184733 0.966593 0.1776841 0.4259551	-0.5499707 -0.04816317 0.833794 0.2574438	0 0 0 1	
-0.8242741 0.2324864 -0.5162581 0.1151909	0.1717879 0.9715182 0.1632215 0.4511266	-0.539501 -0.04585238 0.8407356 0.2609447	0 0 0 1	
-0.8322053 0.2165614 -0.5104272 0.1146998	0.1639284 0.9755158 0.1466164 0.4755173	-0.5296813 -0.03834137 0.84733 0.2674769	0 0 0 1	
-0.8377973 0.2043892 -0.5062819 0.1151443	0.1610974 0.9785427 0.1284593 0.4988353	-0.5216742 -0.02606211 0.852747 0.2772409	0 0 0 1	
-0.8421887 0.1957742 -0.5023851 0.1170368	0.1621777 0.980583 0.1102514 0.5213385	-0.5142148 -0.01137681 0.8575861 0.2890312	0 0 0 1	
-0.8458214 0.1908478 -0.4981602 0.122013	0.1647335 0.9816195 0.09636436 0.5435215	-0.5073946 0.0005566292 0.8617138 0.2993105	0 0 0 1	
-0.8479054 0.1875639 -0.4958591 0.1258094	0.1674662 0.9821927 0.08516207 0.5673988	-0.5030025 0.01083027 0.864217 0.309312	0 0 0 1	
-0.8488711 0.1825956 -0.4960615 0.1274398	0.1686769 0.9829516 0.07317181 0.5916085	-0.5009653 0.02156069 0.865199 0.320036	0 0 0 1	
-0.8505731 0.1735882 -0.4963797 0.1258916	0.1661692 0.9843018 0.05947894 0.6162007	-0.4989123 0.03189186 0.8660655 0.3309475	0 0 0 1	
-0.8530569 0.1612739 -0.4962708 0.1213745	0.1601476 0.9860595 0.04515804 0.6411105	-0.4966354 0.04095422 0.8669926 0.3414179	0 0 0 1	
-0.8560857 0.1496488 -0.4946944 0.1169314	0.1543446 0.9875106 0.03163079 0.6659241	-0.4932494 0.04927475 0.8684912 0.3515895	0 0 0 1	
-0.8605407 0.139001 -0.4900492 0.1142814	0.1477426 0.9888022 0.02103043 0.6913906	-0.487485 0.05430362 0.871441 0.357092	0 0 0 1	
-0.866357 0.1234925 -0.4839168 0.1068893	0.1375655 0.9904715 0.006478289 0.7175633	-0.4801058 0.06095776 0.8750901 0.3662027	0 0 0 1	
-0.8727481 0.106893 -0.4763242 0.0982001	0.129243 0.9915099 -0.01429918 0.740992	-0.4707516 0.07404113 0.8791536 0.3808237	0 0 0 1	
-0.8778435 0.09595383 -0.4692375 0.09321595	0.1282573 0.9910398 -0.03728554 0.7603927	-0.4614553 0.092914 0.8822846 0.4009471	0 0 0 1	
-0.8809602 0.09202575 -0.4641556 0.09314144	0.1340913 0.9892484 -0.05837009 0.7768764	-0.4537937 0.113661 0.8838283 0.4235307	0 0 0 1	
-0.8829315 0.09078725 -0.4606407 0.09487129	0.1416786 0.9869093 -0.0770529 0.7921832	-0.4476152 0.1332954 0.8842359 0.4458934	0 0 0 1	
-0.8849103 0.09042387 -0.4568999 0.09463465	0.1487874 0.9844545 -0.09333616 0.8078792	-0.4413573 0.150575 0.8846079 0.4605933	0 0 0 1	
-0.8859372 0.09075794 -0.4548392 0.09711609	0.1562542 0.9817443 -0.1084564 0.8217064	-0.4366925 0.1671561 0.8839451 0.4809846	0 0 0 1	
-0.8869395 0.08827081 -0.4533728 0.09658923	0.1601456 0.9794504 -0.1225979 0.8356737	-0.4332344 0.1813425 0.8828495 0.4994205	0 0 0 1	
-0.8875523 0.08220233 -0.4533141 0.09174482	0.158737 0.9782676 -0.1333987 0.8514916	-0.4324968 0.1903561 0.8813121 0.5131502	0 0 0 1	
-0.8875329 0.07722385 -0.4542268 0.08724226	0.155296 0.9783059 -0.1371159 0.8699269	-0.4337842 0.1922345 0.8802712 0.5200109	0 0 0 1	
-0.8865327 0.07592712 -0.4563935 0.08574012	0.1528396 0.9791246 -0.1339967 0.8900046	-0.4366922 0.1885474 0.8796306 0.5212424	0 0 0 1	
-0.8847473 0.07755633 -0.4595732 0.08716629	0.1519433 0.980183 -0.1271005 0.9073997	-0.4406084 0.1822808 0.8789984 0.5131262	0 0 0 1	
-0.8823558 0.07902025 -0.4639008 0.08766304	0.1507482 0.9813141 -0.1195727 0.9267709	-0.4457837 0.1754379 0.8777804 0.5103329	0 0 0 1	
-0.879627 0.08119477 -0.4686831 0.08865859	0.1493966 0.9826218 -0.1101588 0.9461498	-0.4515939 0.1669183 0.8764709 0.5054465	0 0 0 1	
-0.8767549 0.08350051 -0.4736334 0.08960576	0.1473474 0.984091 -0.09926544 0.9656253	-0.4578097 0.1568201 0.8751103 0.4984852	0 0 0 1	
-0.8736302 0.08528911 -0.4790574 0.08965731	0.1445333 0.9855691 -0.08811121 0.9845595	-0.4646293 0.1462163 0.8733501 0.4905835	0 0 0 1	
-0.8694375 0.08667368 -0.4863805 0.08842479	0.1421092 0.9867581 -0.07818793 1.001959	-0.4731631 0.1370987 0.8702416 0.483927	0 0 0 1	
-0.8636792 0.08849408 -0.4962127 0.08663862	0.1408492 0.9876221 -0.06902254 1.017791	-0.4839625 0.1295045 0.865453 0.4786643	0 0 0 1	
-0.8571994 0.09171469 -0.506752 0.08655498	0.1409956 0.9882116 -0.0596501 1.023141	-0.4953074 0.1225818 0.8600258 0.4630159	0 0 0 1	
-0.8510771 0.09525242 -0.5163285 0.08677182	0.141533 0.9886235 -0.05091088 1.036226	-0.5056051 0.1164066 0.8548762 0.4586575	0 0 0 1	
-0.847469 0.09800416 -0.5217201 0.08765897	0.1405905 0.9891526 -0.04256104 1.048981	-0.5118896 0.109418 0.8520546 0.4532744	0 0 0 1	
-0.846835 0.09583292 -0.5231509 0.08441314	0.1348936 0.9901701 -0.03697162 1.061817	-0.5144653 0.1018786 0.851438 0.4471858	0 0 0 1	
-0.8482488 0.08965053 -0.521955 0.07744721	0.1255169 0.9915196 -0.03367975 1.074421	-0.5145092 0.094083 0.852308 0.4407623	0 0 0 1	
-0.8513163 0.08292343 -0.5180581 0.07235957	0.1156564 0.992801 -0.0311427 1.076821	-0.5117461 0.08642903 0.8547783 0.4218994	0 0 0 1	
-0.8551596 0.07360891 -0.5131118 0.06333581	0.1043503 0.9940476 -0.03130976 1.087155	-0.5077528 0.08031821 0.8577505 0.4171602	0 0 0 1	
-0.8586417 0.06437342 -0.5085186 0.05429091	0.09396163 0.9950389 -0.03269357 1.096107	-0.5038911 0.07585328 0.8604305 0.4143459	0 0 0 1	
-0.8614801 0.05738206 -0.5045392 0.04773082	0.08632386 0.9956815 -0.03415398 1.103516	-0.5004005 0.07297672 0.8627132 0.4134472	0 0 0 1	
-0.8635993 0.05290758 -0.5013952 0.04391757	0.08201532 0.9959747 -0.0361666 1.109001	-0.4974635 0.07235554 0.8644623 0.4152056	0 0 0 1	
-0.8658611 0.04742264 -0.4980318 0.03907226	0.07774343 0.9961582 -0.04030777 1.112797	-0.494207 0.07361963 0.8662214 0.4191712	0 0 0 1	
-0.8678055 0.03889021 -0.49538 0.03030813	0.07071328 0.9964516 -0.0456481 1.115939	-0.4918469 0.07464361 0.8674762 0.4228773	0 0 0 1	
-0.8686262 0.03087013 -0.4945056 0.02446513	0.06361367 0.9967453 -0.04951781 1.113807	-0.4913675 0.07446977 0.8677629 0.4119276	0 0 0 1	
-0.869064 0.02178917 -0.4942196 0.01437099	0.05538829 0.9970337 -0.05344068 1.116113	-0.4915892 0.07381735 0.8676929 0.4133771	0 0 0 1	
-0.8695128 0.01607002 -0.4936491 0.008293062	0.04928626 0.997305 -0.05434694 1.118328	-0.4914454 0.07158547 0.8679615 0.4130077	0 0 0 1	
-0.8693484 0.01160914 -0.4940636 0.003126472	0.04405022 0.997565 -0.0540702 1.120351	-0.4922328 0.06876945 0.8677429 0.4120028	0 0 0 1	
-0.8694073 0.005168758 -0.4940694 -0.004527569	0.03747533 0.9977548 -0.05550671 1.121718	-0.4926732 0.06677335 0.867649 0.4120192	0 0 0 1	
-0.8706557 0.0003640866 -0.4918929 -0.007026061	0.0313369 0.9980094 -0.05472796 1.121975	-0.4908938 0.06306361 0.868934 0.396528	0 0 0 1	
-0.871985 -0.003977415 -0.4895166 -0.01143108	0.02443505 0.9983668 -0.05163851 1.124396	-0.4889225 0.05698936 0.8704636 0.3914359	0 0 0 1	
-0.8731799 -0.008859332 -0.4873178 -0.01673049	0.01616232 0.9987586 -0.04711699 1.12757	-0.4871303 0.04901779 0.8719528 0.3840899	0 0 0 1	
-0.8738252 -0.01333032 -0.4860577 -0.02201739	0.008798203 0.999027 -0.04321595 1.130388	-0.4861609 0.04203961 0.8728577 0.3779222	0 0 0 1	
-0.8741226 -0.01428235 -0.4854959 -0.02341779	0.00597545 0.9991757 -0.04015245 1.132052	-0.4856691 0.03799921 0.8733166 0.3752479	0 0 0 1	
-0.8746895 -0.01244847 -0.4845242 -0.02138026	0.006640511 0.9992685 -0.03766118 1.132836	-0.4846385 0.03615932 0.8739669 0.3751757	0 0 0 1	
-0.8753154 -0.01020867 -0.4834446 -0.01892759	0.008094554 0.9993277 -0.03575818 1.133418	-0.4834846 0.03521295 0.8746443 0.3761319	0 0 0 1	
-0.8762236 -0.009306808 -0.4818151 -0.01596226	0.0086381 0.9993495 -0.03501273 1.138953	-0.4818276 0.03484094 0.8755732 0.3609116	0 0 0 1	
-0.8756245 -0.01333347 -0.4828086 -0.02195671	0.006765782 0.9991822 -0.03986435 1.138612	-0.4829453 0.03817278 0.8748182 0.3664829	0 0 0 1	
-0.8746978 -0.01799215 -0.4843347 -0.0289188	0.005605034 0.9988683 -0.04722871 1.137182	-0.4846364 0.04402556 0.8736072 0.3750182	0 0 0 1	
-0.873807 -0.01912944 -0.4858967 -0.03156352	0.007663487 0.9985601 -0.05309422 1.135495	-0.4862127 0.05011776 0.8724021 0.3837601	0 0 0 1	
-0.872942 -0.02024558 -0.487404 -0.03413542	0.009078832 0.9982911 -0.05772682 1.134246	-0.4877398 0.05481721 0.8712665 0.3907451	0 0 0 1	
-0.8723363 -0.02349728 -0.4883416 -0.036558	0.007822016 0.9980458 -0.06199511 1.137761	-0.488844 0.05790039 0.8704476 0.3814296	0 0 0 1	
-0.8717993 -0.02621329 -0.4891619 -0.0407555	0.007223469 0.9977707 -0.0663426 1.136657	-0.4898105 0.06137086 0.8696666 0.3866126	0 0 0 1	
-0.8721545 -0.02386432 -0.4886484 -0.0383794	0.01027059 0.9976963 -0.06705616 1.135695	-0.489123 0.06350203 0.8699002 0.3902611	0 0 0 1	
-0.8729666 -0.02140745 -0.4873099 -0.03569159	0.01256016 0.9977187 -0.0663299 1.135153	-0.4876182 0.06402448 0.8707063 0.3920718	0 0 0 1	
-0.8733085 -0.02273729 -0.4866367 -0.03798999	0.01143231 0.9976786 -0.06713106 1.134796	-0.4870334 0.06418951 0.8710213 0.3936047	0 0 0 1	
-0.8733975 -0.02586 -0.4863212 -0.04273221	0.009507163 0.9974936 -0.07011563 1.133912	-0.4869154 0.06586234 0.8709625 0.3970976	0 0 0 1	
-0.8737329 -0.02615115 -0.4857031 -0.04178644	0.01073872 0.9972731 -0.07301296 1.135789	-0.4862881 0.06900963 0.8710696 0.3906778	0 0 0 1	
-0.8746151 -0.02486871 -0.4841799 -0.04073768	0.01388213 0.9969895 -0.07628437 1.133732	-0.4846193 0.0734409 0.8716367 0.3973407	0 0 0 1	
-0.8758652 -0.02341227 -0.4819876 -0.03924174	0.01668051 0.9967565 -0.07872861 1.131967	-0.4822675 0.07699544 0.8726338 0.4029312	0 0 0 1	
-0.8770331 -0.02194232 -0.4799288 -0.03771939	0.01891617 0.9966047 -0.08013258 1.13066	-0.4800576 0.07935733 0.8736402 0.4070269	0 0 0 1	
-0.8781145 -0.01989201 -0.4780369 -0.03544194	0.02114275 0.996546 -0.08030564 1.129771	-0.4779832 0.08062455 0.874661 0.4097167	0 0 0 1	
-0.8786873 -0.01865291 -0.4770333 -0.03438056	0.02240567 0.996524 -0.08023684 1.129247	-0.4768718 0.08119134 0.8752151 0.4115011	0 0 0 1	
-0.878503 -0.01793597 -0.4774003 -0.0315374	0.02336774 0.9964856 -0.08043891 1.134569	-0.4771653 0.08182158 0.8749964 0.4056932	0 0 0 1	
-0.877749 -0.01688205 -0.4788237 -0.03114961	0.02501417 0.9964014 -0.08098484 1.134057	-0.4784678 0.08306172 0.874168 0.4079826	0 0 0 1	
-0.8766892 -0.0136586 -0.4808641 -0.02809677	0.02845886 0.9963735 -0.08018614 1.133744	-0.4802155 0.08398313 0.8731211 0.4098072	0 0 0 1	
-0.8751559 -0.0107226 -0.4837222 -0.02548413	0.03095691 0.9964651 -0.0780961 1.134246	-0.4828496 0.0833208 0.8717304 0.4096758	0 0 0 1	
-0.8733352 -0.009131435 -0.487034 -0.0245516	0.03164176 0.9966493 -0.07542533 1.135562	-0.4860908 0.08128222 0.87012 0.4078109	0 0 0 1	
-0.8719105 -0.006862443 -0.4896176 -0.0224464	0.03255956 0.9968764 -0.07195416 1.137352	-0.488582 0.07867931 0.8689635 0.4052072	0 0 0 1	
-0.8704947 -0.003234461 -0.4921675 -0.01688578	0.03466527 0.9970921 -0.06786508 1.140978	-0.4909559 0.0761373 0.8678513 0.3967076	0 0 0 1	
-0.8694892 -0.001691706 -0.4939493 -0.01528598	0.03522918 0.9972352 -0.06542861 1.142636	-0.4926943 0.07429089 0.8670256 0.3947658	0 0 0 1	
-0.8689295 -0.0008453857 -0.4949356 -0.01432386	0.03520487 0.99736 -0.06351069 1.144268	-0.4936826 0.07261044 0.8666059 0.3929689	0 0 0 1	
-0.8685591 0.002393056 -0.4955799 -0.01039496	0.03720772 0.9974809 -0.06039405 1.145903	-0.494187 0.0708952 0.8664602 0.3910975	0 0 0 1	
-0.868453 0.007447941 -0.4957155 -0.004146434	0.04104786 0.9975343 -0.05692489 1.147241	-0.4940692 0.06978466 0.8666174 0.3899378	0 0 0 1	
-0.8685455 0.01234939 -0.4954555 0.001972668	0.04472547 0.9975636 -0.05354022 1.14846	-0.4935872 0.0686616 0.8669817 0.3887548	0 0 0 1	
-0.8679945 0.01450734 -0.4963617 0.005489901	0.04571183 0.9976633 -0.05077785 1.149694	-0.4944652 0.0667645 0.8666295 0.3854751	0 0 0 1	
-0.8680142 0.01269466 -0.4963774 0.003156006	0.04300884 0.9978382 -0.04969013 1.15145	-0.4946736 0.06448035 0.8666837 0.382774	0 0 0 1	
-0.8676343 0.009511349 -0.4971125 -0.001093172	0.03939771 0.9979884 -0.04966799 1.153046	-0.49564 0.06267873 0.8662637 0.3806348	0 0 0 1	
-0.8669653 0.007566003 -0.4983113 -0.003923669	0.03741948 0.9980506 -0.04994898 1.15413	-0.4969619 0.06195058 0.8655583 0.3798069	0 0 0 1	
-0.8663613 0.00810859 -0.4993523 -0.003585368	0.03779208 0.9980658 -0.0493613 1.154856	-0.4979862 0.06163627 0.8649919 0.3794915	0 0 0 1	
-0.8659029 0.008800557 -0.5001349 -0.002981901	0.03810565 0.9981004 -0.04841085 1.155537	-0.4987588 0.06097706 0.8645934 0.3787375	0 0 0 1	
-0.864679 0.007879524 -0.5022632 -0.004357032	0.03687933 0.9981744 -0.04783079 1.155431	-0.5009694 0.0598814 0.863391 0.3741667	0 0 0 1	
-0.8645246 0.007263827 -0.5025381 -0.005174272	0.03502756 0.998335 -0.04582828 1.156454	-0.5013685 0.05722235 0.8633397 0.3708404	0 0 0 1	
-0.8645895 0.00770496 -0.5024204 -0.004459471	0.03360353 0.9985306 -0.04251343 1.157686	-0.5013545 0.05363975 0.863578 0.3663657	0 0 0 1	
-0.8643918 0.006775918 -0.5027733 -0.005534403	0.03129131 0.998696 -0.040338 1.158796	-0.5018443 0.05060028 0.8634766 0.3625651	0 0 0 1	
-0.8642423 0.003796416 -0.5030613 -0.009100035	0.02822282 0.9987626 -0.04094857 1.159382	-0.5022833 0.0495873 0.8632801 0.3612763	0 0 0 1	
-0.8643209 0.001120416 -0.5029401 -0.01214547	0.02662092 0.9986976 -0.04352418 1.159285	-0.5022362 0.05100757 0.863225 0.3630014	0 0 0 1	
-0.864217 -0.0004440742 -0.5031192 -0.01391835	0.0268336 0.9985356 -0.04697391 1.158661	-0.5024034 0.05409615 0.8629396 0.3667715	0 0 0 1	
-0.863781 -0.002282902 -0.5038626 -0.01589943	0.02694584 0.9983495 -0.05071707 1.157862	-0.5031467 0.05738544 0.8622937 0.3708344	0 0 0 1	
-0.8640615 -0.003917191 -0.5033709 -0.01765038	0.02650927 0.9982281 -0.05327263 1.157367	-0.5026876 0.05937482 0.8624266 0.3732107	0 0 0 1	
-0.8645986 -0.003804272 -0.5024494 -0.01715652	0.02657095 0.998226 -0.05328044 1.157466	-0.5017607 0.05941673 0.8629638 0.3732036	0 0 0 1	
-0.8653747 -0.001887801 -0.5011227 -0.01433861	0.02741965 0.9983165 -0.05111102 1.158095	-0.5003754 0.05797077 0.8638661 0.3713913	0 0 0 1	
-0.8660903 -1.550931E-05 -0.4998876 -0.01165073	0.02818917 0.9984072 -0.04887069 1.158845	-0.4990922 0.05641785 0.8647105 0.3694653	0 0 0 1	
-0.8661149 4.527066E-05 -0.4998455 -0.01110066	0.02823882 0.9984073 -0.04884081 1.159285	-0.4990472 0.05641678 0.8647367 0.3699494	0 0 0 1	
-0.8667138 -5.339924E-05 -0.498806 -0.01090933	0.02867753 0.9983406 -0.04993628 1.159168	-0.497981 0.05758498 0.865274 0.3713661	0 0 0 1	
-0.8671918 0.00141417 -0.4979723 -0.008788981	0.0306503 0.9982516 -0.05054095 1.158818	-0.4970301 0.05909169 0.865719 0.3731719	0 0 0 1	
-0.8674402 0.00267051 -0.4975344 -0.007016852	0.03219388 0.9981913 -0.05077153 1.158601	-0.4964989 0.06005882 0.8659573 0.3742976	0 0 0 1	
-0.8675016 0.00269916 -0.497427 -0.006862268	0.03245147 0.9981622 -0.05117835 1.158537	-0.4963747 0.06053954 0.8659949 0.3747925	0 0 0 1	
-0.8676417 0.002741376 -0.4971824 -0.006642371	0.03249902 0.9981589 -0.05121094 1.158636	-0.4961267 0.06059069 0.8661335 0.3747343	0 0 0 1	
-0.8673111 0.004270522 -0.4977485 -0.004957333	0.03402751 0.9981326 -0.0507282 1.158126	-0.4966024 0.06093426 0.8658369 0.3758028	0 0 0 1	
-0.8677148 0.005985818 -0.4970266 -0.002552241	0.03572747 0.9980922 -0.05035315 1.158052	-0.495777 0.06144968 0.8662732 0.3762756	0 0 0 1	
-0.8680253 0.006461847 -0.4964781 -0.00176768	0.03654898 0.9980342 -0.0509112 1.157871	-0.4951731 0.06233796 0.8665551 0.3771752	0 0 0 1	
-0.8682357 0.006759797 -0.4961064 -0.001271933	0.03731059 0.9979655 -0.05169925 1.157553	-0.4947476 0.06339714 0.8667214 0.3782644	0 0 0 1	
-0.8684047 0.007797658 -0.4957947 0.0001361221	0.03848599 0.99792 -0.0517149 1.157328	-0.4943602 0.06399061 0.8668987 0.3787949	0 0 0 1	
-0.868576 0.009100451 -0.4954724 0.00189127	0.03970812 0.9978945 -0.05128081 1.15725	-0.4939626 0.06421556 0.8671086 0.3789078	0 0 0 1	
-0.8682976 0.01049202 -0.4959326 0.002740927	0.04107514 0.9978635 -0.05080498 1.156313	-0.4943401 0.06448435 0.8668735 0.3800035	0 0 0 1	
-0.8684494 0.01126017 -0.4956499 0.003751494	0.04187112 0.9978361 -0.05069536 1.156308	-0.4940065 0.06477977 0.8670416 0.3802782	0 0 0 1	
-0.8683852 0.01044587 -0.4957802 0.002641618	0.04155134 0.997795 -0.05175628 1.156173	-0.4941463 0.06554472 0.8669045 0.3811353	0 0 0 1	
-0.8685411 0.009980114 -0.4955168 0.002083316	0.04149166 0.9977517 -0.05263099 1.155919	-0.4938774 0.06627199 0.8670025 0.3819259	0 0 0 1	
-0.8688844 0.01110633 -0.4948908 0.003618538	0.04237026 0.9977479 -0.05199841 1.155836	-0.4931987 0.06614925 0.8673981 0.3816442	0 0 0 1	
-0.8691868 0.01354702 -0.4942985 0.006791852	0.04384854 0.9977983 -0.04975813 1.156113	-0.4925362 0.06492337 0.8678671 0.3799705	0 0 0 1	
-0.8684266 0.01571606 -0.4955694 0.008857623	0.04500114 0.9978706 -0.04721352 1.15602	-0.4937721 0.06330264 0.8672847 0.3787538	0 0 0 1	
-0.8682973 0.01692599 -0.4957552 0.0102544	0.04502486 0.9979814 -0.04478649 1.156713	-0.4939964 0.06120929 0.8673067 0.375931	0 0 0 1	
-0.868467 0.01849362 -0.4954019 0.0122172	0.04491172 0.9981297 -0.04147203 1.157548	-0.4937084 0.05826644 0.8676734 0.3720311	0 0 0 1	
-0.8689525 0.01932438 -0.4945179 0.01338254	0.04350902 0.9983512 -0.03744001 1.158813	-0.492979 0.05404958 0.8683606 0.3665502	0 0 0 1	
-0.8694316 0.0177456 -0.4937349 0.01150848	0.04026404 0.9985754 -0.03501173 1.160075	-0.4924102 0.05032006 0.8689076 0.3616337	0 0 0 1	
-0.8694996 0.01536599 -0.493695 0.008371808	0.03750024 0.9986848 -0.0349622 1.160648	-0.4925084 0.04891329 0.8689322 0.3595368	0 0 0 1	
-0.8687105 0.01498224 -0.4950937 0.007599726	0.03770342 0.9986426 -0.03593553 1.160026	-0.4938832 0.0498843 0.8680962 0.3593356	0 0 0 1	
-0.8687948 0.01684325 -0.4948857 0.009907387	0.0398886 0.9985539 -0.03604088 1.159625	-0.493563 0.05105243 0.8682103 0.3604833	0 0 0 1	
